74 106
16 16 16

2 1 0 16 90 XOR
2 1 0 16 32 AND
2 1 32 17 33 XOR
2 1 33 1 91 XOR
2 1 32 1 34 XOR
2 1 33 34 35 AND
2 1 32 35 36 XOR
2 1 36 18 37 XOR
2 1 37 2 92 XOR
2 1 36 2 38 XOR
2 1 37 38 39 AND
2 1 36 39 40 XOR
2 1 40 19 41 XOR
2 1 41 3 93 XOR
2 1 40 3 42 XOR
2 1 41 42 43 AND
2 1 40 43 44 XOR
2 1 44 20 45 XOR
2 1 45 4 94 XOR
2 1 44 4 46 XOR
2 1 45 46 47 AND
2 1 44 47 48 XOR
2 1 48 21 49 XOR
2 1 49 5 95 XOR
2 1 48 5 50 XOR
2 1 49 50 51 AND
2 1 48 51 52 XOR
2 1 52 22 53 XOR
2 1 53 6 96 XOR
2 1 52 6 54 XOR
2 1 53 54 55 AND
2 1 52 55 56 XOR
2 1 56 23 57 XOR
2 1 57 7 97 XOR
2 1 56 7 58 XOR
2 1 57 58 59 AND
2 1 56 59 60 XOR
2 1 60 24 61 XOR
2 1 61 8 98 XOR
2 1 60 8 62 XOR
2 1 61 62 63 AND
2 1 60 63 64 XOR
2 1 64 25 65 XOR
2 1 65 9 99 XOR
2 1 64 9 66 XOR
2 1 65 66 67 AND
2 1 64 67 68 XOR
2 1 68 26 69 XOR
2 1 69 10 100 XOR
2 1 68 10 70 XOR
2 1 69 70 71 AND
2 1 68 71 72 XOR
2 1 72 27 73 XOR
2 1 73 11 101 XOR
2 1 72 11 74 XOR
2 1 73 74 75 AND
2 1 72 75 76 XOR
2 1 76 28 77 XOR
2 1 77 12 102 XOR
2 1 76 12 78 XOR
2 1 77 78 79 AND
2 1 76 79 80 XOR
2 1 80 29 81 XOR
2 1 81 13 103 XOR
2 1 80 13 82 XOR
2 1 81 82 83 AND
2 1 80 83 84 XOR
2 1 84 30 85 XOR
2 1 85 14 104 XOR
2 1 84 14 86 XOR
2 1 85 86 87 AND
2 1 84 87 88 XOR
2 1 88 31 89 XOR
2 1 89 15 105 XOR
