1203 1235
16 16 16

1 1 16 32 INV
1 1 17 33 INV
2 1 32 33 34 AND
1 1 34 35 INV
1 1 35 36 INV
1 1 18 37 INV
2 1 36 37 38 AND
1 1 38 39 INV
1 1 39 40 INV
1 1 19 41 INV
2 1 40 41 42 AND
1 1 42 43 INV
1 1 43 44 INV
1 1 20 45 INV
2 1 44 45 46 AND
1 1 46 47 INV
1 1 47 48 INV
1 1 21 49 INV
2 1 48 49 50 AND
1 1 50 51 INV
1 1 51 52 INV
1 1 22 53 INV
2 1 52 53 54 AND
1 1 54 55 INV
1 1 55 56 INV
1 1 23 57 INV
2 1 56 57 58 AND
1 1 58 59 INV
1 1 59 60 INV
1 1 24 61 INV
2 1 60 61 62 AND
1 1 62 63 INV
1 1 63 64 INV
1 1 25 65 INV
2 1 64 65 66 AND
1 1 66 67 INV
1 1 67 68 INV
1 1 26 69 INV
2 1 68 69 70 AND
1 1 70 71 INV
1 1 71 72 INV
1 1 27 73 INV
2 1 72 73 74 AND
1 1 74 75 INV
1 1 75 76 INV
1 1 28 77 INV
2 1 76 77 78 AND
1 1 78 79 INV
1 1 79 80 INV
1 1 29 81 INV
2 1 80 81 82 AND
1 1 82 83 INV
1 1 83 84 INV
1 1 30 85 INV
2 1 84 85 86 AND
1 1 86 87 INV
1 1 87 88 INV
2 1 88 31 89 AND
2 1 83 31 90 AND
2 1 90 30 91 XOR
1 1 91 92 INV
2 1 79 31 93 AND
2 1 93 29 94 XOR
1 1 94 95 INV
2 1 75 31 96 AND
2 1 96 28 97 XOR
1 1 97 98 INV
2 1 71 31 99 AND
2 1 99 27 100 XOR
1 1 100 101 INV
2 1 67 31 102 AND
2 1 102 26 103 XOR
1 1 103 104 INV
2 1 63 31 105 AND
2 1 105 25 106 XOR
1 1 106 107 INV
2 1 59 31 108 AND
2 1 108 24 109 XOR
1 1 109 110 INV
2 1 55 31 111 AND
2 1 111 23 112 XOR
1 1 112 113 INV
2 1 51 31 114 AND
2 1 114 22 115 XOR
1 1 115 116 INV
2 1 47 31 117 AND
2 1 117 21 118 XOR
1 1 118 119 INV
2 1 43 31 120 AND
2 1 120 20 121 XOR
1 1 121 122 INV
2 1 39 31 123 AND
2 1 123 19 124 XOR
1 1 124 125 INV
2 1 35 31 126 AND
2 1 126 18 127 XOR
1 1 127 128 INV
2 1 16 31 129 AND
2 1 129 17 130 XOR
1 1 130 131 INV
1 1 0 132 INV
1 1 1 133 INV
2 1 132 133 134 AND
1 1 134 135 INV
1 1 135 136 INV
1 1 2 137 INV
2 1 136 137 138 AND
1 1 138 139 INV
1 1 139 140 INV
1 1 3 141 INV
2 1 140 141 142 AND
1 1 142 143 INV
1 1 143 144 INV
1 1 4 145 INV
2 1 144 145 146 AND
1 1 146 147 INV
1 1 147 148 INV
1 1 5 149 INV
2 1 148 149 150 AND
1 1 150 151 INV
1 1 151 152 INV
1 1 6 153 INV
2 1 152 153 154 AND
1 1 154 155 INV
1 1 155 156 INV
1 1 7 157 INV
2 1 156 157 158 AND
1 1 158 159 INV
1 1 159 160 INV
1 1 8 161 INV
2 1 160 161 162 AND
1 1 162 163 INV
1 1 163 164 INV
1 1 9 165 INV
2 1 164 165 166 AND
1 1 166 167 INV
1 1 167 168 INV
1 1 10 169 INV
2 1 168 169 170 AND
1 1 170 171 INV
1 1 171 172 INV
1 1 11 173 INV
2 1 172 173 174 AND
1 1 174 175 INV
1 1 175 176 INV
1 1 12 177 INV
2 1 176 177 178 AND
1 1 178 179 INV
1 1 179 180 INV
1 1 13 181 INV
2 1 180 181 182 AND
1 1 182 183 INV
1 1 183 184 INV
1 1 14 185 INV
2 1 184 185 186 AND
1 1 186 187 INV
1 1 187 188 INV
2 1 188 15 189 AND
1 1 189 190 INV
2 1 190 16 191 AND
1 1 191 192 INV
2 1 131 192 193 AND
1 1 193 194 INV
1 1 194 195 INV
2 1 128 195 196 AND
1 1 196 197 INV
1 1 197 198 INV
2 1 125 198 199 AND
1 1 199 200 INV
1 1 200 201 INV
2 1 122 201 202 AND
1 1 202 203 INV
1 1 203 204 INV
2 1 119 204 205 AND
1 1 205 206 INV
1 1 206 207 INV
2 1 116 207 208 AND
1 1 208 209 INV
1 1 209 210 INV
2 1 113 210 211 AND
1 1 211 212 INV
1 1 212 213 INV
2 1 110 213 214 AND
1 1 214 215 INV
1 1 215 216 INV
2 1 107 216 217 AND
1 1 217 218 INV
1 1 218 219 INV
2 1 104 219 220 AND
1 1 220 221 INV
1 1 221 222 INV
2 1 101 222 223 AND
1 1 223 224 INV
1 1 224 225 INV
2 1 98 225 226 AND
1 1 226 227 INV
1 1 227 228 INV
2 1 95 228 229 AND
1 1 229 230 INV
1 1 230 231 INV
2 1 92 231 232 AND
1 1 232 233 INV
2 1 89 233 234 XOR
1 1 234 235 INV
2 1 235 16 236 AND
2 1 236 189 237 XOR
1 1 91 238 INV
1 1 94 239 INV
1 1 97 240 INV
1 1 100 241 INV
1 1 103 242 INV
1 1 106 243 INV
1 1 109 244 INV
1 1 112 245 INV
1 1 115 246 INV
1 1 118 247 INV
1 1 121 248 INV
1 1 124 249 INV
1 1 127 250 INV
2 1 183 15 251 AND
2 1 251 14 252 XOR
1 1 252 253 INV
2 1 253 16 254 AND
1 1 254 255 INV
2 1 237 255 256 XOR
2 1 130 254 257 XOR
2 1 256 257 258 AND
2 1 258 255 259 XOR
2 1 250 259 260 AND
2 1 249 260 261 AND
2 1 248 261 262 AND
2 1 247 262 263 AND
2 1 246 263 264 AND
2 1 245 264 265 AND
2 1 244 265 266 AND
2 1 243 266 267 AND
2 1 242 267 268 AND
2 1 241 268 269 AND
2 1 240 269 270 AND
2 1 239 270 271 AND
2 1 238 271 272 AND
2 1 89 272 273 XOR
2 1 273 257 274 AND
2 1 237 274 275 XOR
2 1 273 16 276 AND
2 1 252 276 277 XOR
2 1 179 15 278 AND
2 1 278 13 279 XOR
1 1 279 280 INV
2 1 280 16 281 AND
1 1 281 282 INV
2 1 277 282 283 XOR
2 1 130 281 284 XOR
2 1 283 284 285 AND
2 1 285 282 286 XOR
2 1 275 286 287 XOR
2 1 250 286 288 XOR
2 1 287 288 289 AND
2 1 289 286 290 XOR
2 1 249 290 291 AND
2 1 248 291 292 AND
2 1 247 292 293 AND
2 1 246 293 294 AND
2 1 245 294 295 AND
2 1 244 295 296 AND
2 1 243 296 297 AND
2 1 242 297 298 AND
2 1 241 298 299 AND
2 1 240 299 300 AND
2 1 239 300 301 AND
2 1 238 301 302 AND
2 1 89 302 303 XOR
2 1 303 288 304 AND
2 1 275 304 305 XOR
2 1 303 284 306 AND
2 1 277 306 307 XOR
2 1 303 16 308 AND
2 1 279 308 309 XOR
2 1 175 15 310 AND
2 1 310 12 311 XOR
1 1 311 312 INV
2 1 312 16 313 AND
1 1 313 314 INV
2 1 309 314 315 XOR
2 1 130 313 316 XOR
2 1 315 316 317 AND
2 1 317 314 318 XOR
2 1 307 318 319 XOR
2 1 250 318 320 XOR
2 1 319 320 321 AND
2 1 321 318 322 XOR
2 1 305 322 323 XOR
2 1 249 322 324 XOR
2 1 323 324 325 AND
2 1 325 322 326 XOR
2 1 248 326 327 AND
2 1 247 327 328 AND
2 1 246 328 329 AND
2 1 245 329 330 AND
2 1 244 330 331 AND
2 1 243 331 332 AND
2 1 242 332 333 AND
2 1 241 333 334 AND
2 1 240 334 335 AND
2 1 239 335 336 AND
2 1 238 336 337 AND
2 1 89 337 338 XOR
2 1 338 324 339 AND
2 1 305 339 340 XOR
2 1 338 320 341 AND
2 1 307 341 342 XOR
2 1 338 316 343 AND
2 1 309 343 344 XOR
2 1 338 16 345 AND
2 1 311 345 346 XOR
2 1 171 15 347 AND
2 1 347 11 348 XOR
1 1 348 349 INV
2 1 349 16 350 AND
1 1 350 351 INV
2 1 346 351 352 XOR
2 1 130 350 353 XOR
2 1 352 353 354 AND
2 1 354 351 355 XOR
2 1 344 355 356 XOR
2 1 250 355 357 XOR
2 1 356 357 358 AND
2 1 358 355 359 XOR
2 1 342 359 360 XOR
2 1 249 359 361 XOR
2 1 360 361 362 AND
2 1 362 359 363 XOR
2 1 340 363 364 XOR
2 1 248 363 365 XOR
2 1 364 365 366 AND
2 1 366 363 367 XOR
2 1 247 367 368 AND
2 1 246 368 369 AND
2 1 245 369 370 AND
2 1 244 370 371 AND
2 1 243 371 372 AND
2 1 242 372 373 AND
2 1 241 373 374 AND
2 1 240 374 375 AND
2 1 239 375 376 AND
2 1 238 376 377 AND
2 1 89 377 378 XOR
2 1 378 365 379 AND
2 1 340 379 380 XOR
2 1 378 361 381 AND
2 1 342 381 382 XOR
2 1 378 357 383 AND
2 1 344 383 384 XOR
2 1 378 353 385 AND
2 1 346 385 386 XOR
2 1 378 16 387 AND
2 1 348 387 388 XOR
2 1 167 15 389 AND
2 1 389 10 390 XOR
1 1 390 391 INV
2 1 391 16 392 AND
1 1 392 393 INV
2 1 388 393 394 XOR
2 1 130 392 395 XOR
2 1 394 395 396 AND
2 1 396 393 397 XOR
2 1 386 397 398 XOR
2 1 250 397 399 XOR
2 1 398 399 400 AND
2 1 400 397 401 XOR
2 1 384 401 402 XOR
2 1 249 401 403 XOR
2 1 402 403 404 AND
2 1 404 401 405 XOR
2 1 382 405 406 XOR
2 1 248 405 407 XOR
2 1 406 407 408 AND
2 1 408 405 409 XOR
2 1 380 409 410 XOR
2 1 247 409 411 XOR
2 1 410 411 412 AND
2 1 412 409 413 XOR
2 1 246 413 414 AND
2 1 245 414 415 AND
2 1 244 415 416 AND
2 1 243 416 417 AND
2 1 242 417 418 AND
2 1 241 418 419 AND
2 1 240 419 420 AND
2 1 239 420 421 AND
2 1 238 421 422 AND
2 1 89 422 423 XOR
2 1 423 411 424 AND
2 1 380 424 425 XOR
2 1 423 407 426 AND
2 1 382 426 427 XOR
2 1 423 403 428 AND
2 1 384 428 429 XOR
2 1 423 399 430 AND
2 1 386 430 431 XOR
2 1 423 395 432 AND
2 1 388 432 433 XOR
2 1 423 16 434 AND
2 1 390 434 435 XOR
2 1 163 15 436 AND
2 1 436 9 437 XOR
1 1 437 438 INV
2 1 438 16 439 AND
1 1 439 440 INV
2 1 435 440 441 XOR
2 1 130 439 442 XOR
2 1 441 442 443 AND
2 1 443 440 444 XOR
2 1 433 444 445 XOR
2 1 250 444 446 XOR
2 1 445 446 447 AND
2 1 447 444 448 XOR
2 1 431 448 449 XOR
2 1 249 448 450 XOR
2 1 449 450 451 AND
2 1 451 448 452 XOR
2 1 429 452 453 XOR
2 1 248 452 454 XOR
2 1 453 454 455 AND
2 1 455 452 456 XOR
2 1 427 456 457 XOR
2 1 247 456 458 XOR
2 1 457 458 459 AND
2 1 459 456 460 XOR
2 1 425 460 461 XOR
2 1 246 460 462 XOR
2 1 461 462 463 AND
2 1 463 460 464 XOR
2 1 245 464 465 AND
2 1 244 465 466 AND
2 1 243 466 467 AND
2 1 242 467 468 AND
2 1 241 468 469 AND
2 1 240 469 470 AND
2 1 239 470 471 AND
2 1 238 471 472 AND
2 1 89 472 473 XOR
2 1 473 462 474 AND
2 1 425 474 475 XOR
2 1 473 458 476 AND
2 1 427 476 477 XOR
2 1 473 454 478 AND
2 1 429 478 479 XOR
2 1 473 450 480 AND
2 1 431 480 481 XOR
2 1 473 446 482 AND
2 1 433 482 483 XOR
2 1 473 442 484 AND
2 1 435 484 485 XOR
2 1 473 16 486 AND
2 1 437 486 487 XOR
2 1 159 15 488 AND
2 1 488 8 489 XOR
1 1 489 490 INV
2 1 490 16 491 AND
1 1 491 492 INV
2 1 487 492 493 XOR
2 1 130 491 494 XOR
2 1 493 494 495 AND
2 1 495 492 496 XOR
2 1 485 496 497 XOR
2 1 250 496 498 XOR
2 1 497 498 499 AND
2 1 499 496 500 XOR
2 1 483 500 501 XOR
2 1 249 500 502 XOR
2 1 501 502 503 AND
2 1 503 500 504 XOR
2 1 481 504 505 XOR
2 1 248 504 506 XOR
2 1 505 506 507 AND
2 1 507 504 508 XOR
2 1 479 508 509 XOR
2 1 247 508 510 XOR
2 1 509 510 511 AND
2 1 511 508 512 XOR
2 1 477 512 513 XOR
2 1 246 512 514 XOR
2 1 513 514 515 AND
2 1 515 512 516 XOR
2 1 475 516 517 XOR
2 1 245 516 518 XOR
2 1 517 518 519 AND
2 1 519 516 520 XOR
2 1 244 520 521 AND
2 1 243 521 522 AND
2 1 242 522 523 AND
2 1 241 523 524 AND
2 1 240 524 525 AND
2 1 239 525 526 AND
2 1 238 526 527 AND
2 1 89 527 528 XOR
2 1 528 518 529 AND
2 1 475 529 530 XOR
2 1 528 514 531 AND
2 1 477 531 532 XOR
2 1 528 510 533 AND
2 1 479 533 534 XOR
2 1 528 506 535 AND
2 1 481 535 536 XOR
2 1 528 502 537 AND
2 1 483 537 538 XOR
2 1 528 498 539 AND
2 1 485 539 540 XOR
2 1 528 494 541 AND
2 1 487 541 542 XOR
2 1 528 16 543 AND
2 1 489 543 544 XOR
2 1 155 15 545 AND
2 1 545 7 546 XOR
1 1 546 547 INV
2 1 547 16 548 AND
1 1 548 549 INV
2 1 544 549 550 XOR
2 1 130 548 551 XOR
2 1 550 551 552 AND
2 1 552 549 553 XOR
2 1 542 553 554 XOR
2 1 250 553 555 XOR
2 1 554 555 556 AND
2 1 556 553 557 XOR
2 1 540 557 558 XOR
2 1 249 557 559 XOR
2 1 558 559 560 AND
2 1 560 557 561 XOR
2 1 538 561 562 XOR
2 1 248 561 563 XOR
2 1 562 563 564 AND
2 1 564 561 565 XOR
2 1 536 565 566 XOR
2 1 247 565 567 XOR
2 1 566 567 568 AND
2 1 568 565 569 XOR
2 1 534 569 570 XOR
2 1 246 569 571 XOR
2 1 570 571 572 AND
2 1 572 569 573 XOR
2 1 532 573 574 XOR
2 1 245 573 575 XOR
2 1 574 575 576 AND
2 1 576 573 577 XOR
2 1 530 577 578 XOR
2 1 244 577 579 XOR
2 1 578 579 580 AND
2 1 580 577 581 XOR
2 1 243 581 582 AND
2 1 242 582 583 AND
2 1 241 583 584 AND
2 1 240 584 585 AND
2 1 239 585 586 AND
2 1 238 586 587 AND
2 1 89 587 588 XOR
2 1 588 579 589 AND
2 1 530 589 590 XOR
2 1 588 575 591 AND
2 1 532 591 592 XOR
2 1 588 571 593 AND
2 1 534 593 594 XOR
2 1 588 567 595 AND
2 1 536 595 596 XOR
2 1 588 563 597 AND
2 1 538 597 598 XOR
2 1 588 559 599 AND
2 1 540 599 600 XOR
2 1 588 555 601 AND
2 1 542 601 602 XOR
2 1 588 551 603 AND
2 1 544 603 604 XOR
2 1 588 16 605 AND
2 1 546 605 606 XOR
2 1 151 15 607 AND
2 1 607 6 608 XOR
1 1 608 609 INV
2 1 609 16 610 AND
1 1 610 611 INV
2 1 606 611 612 XOR
2 1 130 610 613 XOR
2 1 612 613 614 AND
2 1 614 611 615 XOR
2 1 604 615 616 XOR
2 1 250 615 617 XOR
2 1 616 617 618 AND
2 1 618 615 619 XOR
2 1 602 619 620 XOR
2 1 249 619 621 XOR
2 1 620 621 622 AND
2 1 622 619 623 XOR
2 1 600 623 624 XOR
2 1 248 623 625 XOR
2 1 624 625 626 AND
2 1 626 623 627 XOR
2 1 598 627 628 XOR
2 1 247 627 629 XOR
2 1 628 629 630 AND
2 1 630 627 631 XOR
2 1 596 631 632 XOR
2 1 246 631 633 XOR
2 1 632 633 634 AND
2 1 634 631 635 XOR
2 1 594 635 636 XOR
2 1 245 635 637 XOR
2 1 636 637 638 AND
2 1 638 635 639 XOR
2 1 592 639 640 XOR
2 1 244 639 641 XOR
2 1 640 641 642 AND
2 1 642 639 643 XOR
2 1 590 643 644 XOR
2 1 243 643 645 XOR
2 1 644 645 646 AND
2 1 646 643 647 XOR
2 1 242 647 648 AND
2 1 241 648 649 AND
2 1 240 649 650 AND
2 1 239 650 651 AND
2 1 238 651 652 AND
2 1 89 652 653 XOR
2 1 653 645 654 AND
2 1 590 654 655 XOR
2 1 653 641 656 AND
2 1 592 656 657 XOR
2 1 653 637 658 AND
2 1 594 658 659 XOR
2 1 653 633 660 AND
2 1 596 660 661 XOR
2 1 653 629 662 AND
2 1 598 662 663 XOR
2 1 653 625 664 AND
2 1 600 664 665 XOR
2 1 653 621 666 AND
2 1 602 666 667 XOR
2 1 653 617 668 AND
2 1 604 668 669 XOR
2 1 653 613 670 AND
2 1 606 670 671 XOR
2 1 653 16 672 AND
2 1 608 672 673 XOR
2 1 147 15 674 AND
2 1 674 5 675 XOR
1 1 675 676 INV
2 1 676 16 677 AND
1 1 677 678 INV
2 1 673 678 679 XOR
2 1 130 677 680 XOR
2 1 679 680 681 AND
2 1 681 678 682 XOR
2 1 671 682 683 XOR
2 1 250 682 684 XOR
2 1 683 684 685 AND
2 1 685 682 686 XOR
2 1 669 686 687 XOR
2 1 249 686 688 XOR
2 1 687 688 689 AND
2 1 689 686 690 XOR
2 1 667 690 691 XOR
2 1 248 690 692 XOR
2 1 691 692 693 AND
2 1 693 690 694 XOR
2 1 665 694 695 XOR
2 1 247 694 696 XOR
2 1 695 696 697 AND
2 1 697 694 698 XOR
2 1 663 698 699 XOR
2 1 246 698 700 XOR
2 1 699 700 701 AND
2 1 701 698 702 XOR
2 1 661 702 703 XOR
2 1 245 702 704 XOR
2 1 703 704 705 AND
2 1 705 702 706 XOR
2 1 659 706 707 XOR
2 1 244 706 708 XOR
2 1 707 708 709 AND
2 1 709 706 710 XOR
2 1 657 710 711 XOR
2 1 243 710 712 XOR
2 1 711 712 713 AND
2 1 713 710 714 XOR
2 1 242 714 715 XOR
2 1 655 714 716 XOR
2 1 716 715 717 AND
2 1 717 714 718 XOR
2 1 241 718 719 AND
2 1 240 719 720 AND
2 1 239 720 721 AND
2 1 238 721 722 AND
2 1 89 722 723 XOR
2 1 715 723 724 AND
2 1 655 724 725 XOR
2 1 712 723 726 AND
2 1 657 726 727 XOR
2 1 708 723 728 AND
2 1 659 728 729 XOR
2 1 704 723 730 AND
2 1 661 730 731 XOR
2 1 700 723 732 AND
2 1 663 732 733 XOR
2 1 696 723 734 AND
2 1 665 734 735 XOR
2 1 692 723 736 AND
2 1 667 736 737 XOR
2 1 688 723 738 AND
2 1 669 738 739 XOR
2 1 684 723 740 AND
2 1 671 740 741 XOR
2 1 680 723 742 AND
2 1 673 742 743 XOR
2 1 723 16 744 AND
2 1 675 744 745 XOR
2 1 143 15 746 AND
2 1 746 4 747 XOR
1 1 747 748 INV
2 1 748 16 749 AND
1 1 749 750 INV
2 1 745 750 751 XOR
2 1 130 749 752 XOR
2 1 751 752 753 AND
2 1 753 750 754 XOR
2 1 743 754 755 XOR
2 1 250 754 756 XOR
2 1 755 756 757 AND
2 1 757 754 758 XOR
2 1 741 758 759 XOR
2 1 249 758 760 XOR
2 1 759 760 761 AND
2 1 761 758 762 XOR
2 1 739 762 763 XOR
2 1 248 762 764 XOR
2 1 763 764 765 AND
2 1 765 762 766 XOR
2 1 737 766 767 XOR
2 1 247 766 768 XOR
2 1 767 768 769 AND
2 1 769 766 770 XOR
2 1 735 770 771 XOR
2 1 246 770 772 XOR
2 1 771 772 773 AND
2 1 773 770 774 XOR
2 1 733 774 775 XOR
2 1 245 774 776 XOR
2 1 775 776 777 AND
2 1 777 774 778 XOR
2 1 731 778 779 XOR
2 1 244 778 780 XOR
2 1 779 780 781 AND
2 1 781 778 782 XOR
2 1 729 782 783 XOR
2 1 243 782 784 XOR
2 1 783 784 785 AND
2 1 785 782 786 XOR
2 1 727 786 787 XOR
2 1 242 786 788 XOR
2 1 787 788 789 AND
2 1 789 786 790 XOR
2 1 241 790 791 XOR
2 1 725 790 792 XOR
2 1 792 791 793 AND
2 1 793 790 794 XOR
2 1 240 794 795 AND
2 1 239 795 796 AND
2 1 238 796 797 AND
2 1 89 797 798 XOR
2 1 791 798 799 AND
2 1 725 799 800 XOR
2 1 788 798 801 AND
2 1 727 801 802 XOR
2 1 784 798 803 AND
2 1 729 803 804 XOR
2 1 780 798 805 AND
2 1 731 805 806 XOR
2 1 776 798 807 AND
2 1 733 807 808 XOR
2 1 772 798 809 AND
2 1 735 809 810 XOR
2 1 768 798 811 AND
2 1 737 811 812 XOR
2 1 764 798 813 AND
2 1 739 813 814 XOR
2 1 760 798 815 AND
2 1 741 815 816 XOR
2 1 756 798 817 AND
2 1 743 817 818 XOR
2 1 752 798 819 AND
2 1 745 819 820 XOR
2 1 798 16 821 AND
2 1 747 821 822 XOR
2 1 139 15 823 AND
2 1 823 3 824 XOR
1 1 824 825 INV
2 1 825 16 826 AND
1 1 826 827 INV
2 1 822 827 828 XOR
2 1 130 826 829 XOR
2 1 828 829 830 AND
2 1 830 827 831 XOR
2 1 820 831 832 XOR
2 1 250 831 833 XOR
2 1 832 833 834 AND
2 1 834 831 835 XOR
2 1 818 835 836 XOR
2 1 249 835 837 XOR
2 1 836 837 838 AND
2 1 838 835 839 XOR
2 1 816 839 840 XOR
2 1 248 839 841 XOR
2 1 840 841 842 AND
2 1 842 839 843 XOR
2 1 814 843 844 XOR
2 1 247 843 845 XOR
2 1 844 845 846 AND
2 1 846 843 847 XOR
2 1 812 847 848 XOR
2 1 246 847 849 XOR
2 1 848 849 850 AND
2 1 850 847 851 XOR
2 1 810 851 852 XOR
2 1 245 851 853 XOR
2 1 852 853 854 AND
2 1 854 851 855 XOR
2 1 808 855 856 XOR
2 1 244 855 857 XOR
2 1 856 857 858 AND
2 1 858 855 859 XOR
2 1 806 859 860 XOR
2 1 243 859 861 XOR
2 1 860 861 862 AND
2 1 862 859 863 XOR
2 1 804 863 864 XOR
2 1 242 863 865 XOR
2 1 864 865 866 AND
2 1 866 863 867 XOR
2 1 802 867 868 XOR
2 1 241 867 869 XOR
2 1 868 869 870 AND
2 1 870 867 871 XOR
2 1 240 871 872 XOR
2 1 800 871 873 XOR
2 1 873 872 874 AND
2 1 874 871 875 XOR
2 1 239 875 876 AND
2 1 238 876 877 AND
2 1 89 877 878 XOR
2 1 872 878 879 AND
2 1 800 879 880 XOR
2 1 869 878 881 AND
2 1 802 881 882 XOR
2 1 865 878 883 AND
2 1 804 883 884 XOR
2 1 861 878 885 AND
2 1 806 885 886 XOR
2 1 857 878 887 AND
2 1 808 887 888 XOR
2 1 853 878 889 AND
2 1 810 889 890 XOR
2 1 849 878 891 AND
2 1 812 891 892 XOR
2 1 845 878 893 AND
2 1 814 893 894 XOR
2 1 841 878 895 AND
2 1 816 895 896 XOR
2 1 837 878 897 AND
2 1 818 897 898 XOR
2 1 833 878 899 AND
2 1 820 899 900 XOR
2 1 829 878 901 AND
2 1 822 901 902 XOR
2 1 878 16 903 AND
2 1 824 903 904 XOR
2 1 135 15 905 AND
2 1 905 2 906 XOR
1 1 906 907 INV
2 1 907 16 908 AND
1 1 908 909 INV
2 1 904 909 910 XOR
2 1 130 908 911 XOR
2 1 910 911 912 AND
2 1 912 909 913 XOR
2 1 902 913 914 XOR
2 1 250 913 915 XOR
2 1 914 915 916 AND
2 1 916 913 917 XOR
2 1 900 917 918 XOR
2 1 249 917 919 XOR
2 1 918 919 920 AND
2 1 920 917 921 XOR
2 1 898 921 922 XOR
2 1 248 921 923 XOR
2 1 922 923 924 AND
2 1 924 921 925 XOR
2 1 896 925 926 XOR
2 1 247 925 927 XOR
2 1 926 927 928 AND
2 1 928 925 929 XOR
2 1 894 929 930 XOR
2 1 246 929 931 XOR
2 1 930 931 932 AND
2 1 932 929 933 XOR
2 1 892 933 934 XOR
2 1 245 933 935 XOR
2 1 934 935 936 AND
2 1 936 933 937 XOR
2 1 890 937 938 XOR
2 1 244 937 939 XOR
2 1 938 939 940 AND
2 1 940 937 941 XOR
2 1 888 941 942 XOR
2 1 243 941 943 XOR
2 1 942 943 944 AND
2 1 944 941 945 XOR
2 1 886 945 946 XOR
2 1 242 945 947 XOR
2 1 946 947 948 AND
2 1 948 945 949 XOR
2 1 884 949 950 XOR
2 1 241 949 951 XOR
2 1 950 951 952 AND
2 1 952 949 953 XOR
2 1 882 953 954 XOR
2 1 240 953 955 XOR
2 1 954 955 956 AND
2 1 956 953 957 XOR
2 1 239 957 958 XOR
2 1 880 957 959 XOR
2 1 959 958 960 AND
2 1 960 957 961 XOR
2 1 238 961 962 AND
2 1 89 962 963 XOR
2 1 958 963 964 AND
2 1 880 964 965 XOR
2 1 955 963 966 AND
2 1 882 966 967 XOR
2 1 951 963 968 AND
2 1 884 968 969 XOR
2 1 947 963 970 AND
2 1 886 970 971 XOR
2 1 943 963 972 AND
2 1 888 972 973 XOR
2 1 939 963 974 AND
2 1 890 974 975 XOR
2 1 935 963 976 AND
2 1 892 976 977 XOR
2 1 931 963 978 AND
2 1 894 978 979 XOR
2 1 927 963 980 AND
2 1 896 980 981 XOR
2 1 923 963 982 AND
2 1 898 982 983 XOR
2 1 919 963 984 AND
2 1 900 984 985 XOR
2 1 915 963 986 AND
2 1 902 986 987 XOR
2 1 911 963 988 AND
2 1 904 988 989 XOR
2 1 963 16 990 AND
2 1 906 990 991 XOR
2 1 0 15 992 AND
2 1 992 1 993 XOR
1 1 993 994 INV
2 1 994 16 995 AND
1 1 995 996 INV
2 1 991 996 997 XOR
2 1 130 995 998 XOR
2 1 997 998 999 AND
2 1 999 996 1000 XOR
2 1 989 1000 1001 XOR
2 1 250 1000 1002 XOR
2 1 1001 1002 1003 AND
2 1 1003 1000 1004 XOR
2 1 987 1004 1005 XOR
2 1 249 1004 1006 XOR
2 1 1005 1006 1007 AND
2 1 1007 1004 1008 XOR
2 1 985 1008 1009 XOR
2 1 248 1008 1010 XOR
2 1 1009 1010 1011 AND
2 1 1011 1008 1012 XOR
2 1 983 1012 1013 XOR
2 1 247 1012 1014 XOR
2 1 1013 1014 1015 AND
2 1 1015 1012 1016 XOR
2 1 981 1016 1017 XOR
2 1 246 1016 1018 XOR
2 1 1017 1018 1019 AND
2 1 1019 1016 1020 XOR
2 1 979 1020 1021 XOR
2 1 245 1020 1022 XOR
2 1 1021 1022 1023 AND
2 1 1023 1020 1024 XOR
2 1 977 1024 1025 XOR
2 1 244 1024 1026 XOR
2 1 1025 1026 1027 AND
2 1 1027 1024 1028 XOR
2 1 975 1028 1029 XOR
2 1 243 1028 1030 XOR
2 1 1029 1030 1031 AND
2 1 1031 1028 1032 XOR
2 1 973 1032 1033 XOR
2 1 242 1032 1034 XOR
2 1 1033 1034 1035 AND
2 1 1035 1032 1036 XOR
2 1 971 1036 1037 XOR
2 1 241 1036 1038 XOR
2 1 1037 1038 1039 AND
2 1 1039 1036 1040 XOR
2 1 969 1040 1041 XOR
2 1 240 1040 1042 XOR
2 1 1041 1042 1043 AND
2 1 1043 1040 1044 XOR
2 1 967 1044 1045 XOR
2 1 239 1044 1046 XOR
2 1 1045 1046 1047 AND
2 1 1047 1044 1048 XOR
2 1 238 1048 1049 XOR
2 1 965 1048 1050 XOR
2 1 1050 1049 1051 AND
2 1 1051 1048 1052 XOR
2 1 1052 89 1053 XOR
2 1 1049 1053 1054 AND
2 1 965 1054 1055 XOR
2 1 1046 1053 1056 AND
2 1 967 1056 1057 XOR
2 1 1042 1053 1058 AND
2 1 969 1058 1059 XOR
2 1 1038 1053 1060 AND
2 1 971 1060 1061 XOR
2 1 1034 1053 1062 AND
2 1 973 1062 1063 XOR
2 1 1030 1053 1064 AND
2 1 975 1064 1065 XOR
2 1 1026 1053 1066 AND
2 1 977 1066 1067 XOR
2 1 1022 1053 1068 AND
2 1 979 1068 1069 XOR
2 1 1018 1053 1070 AND
2 1 981 1070 1071 XOR
2 1 1014 1053 1072 AND
2 1 983 1072 1073 XOR
2 1 1010 1053 1074 AND
2 1 985 1074 1075 XOR
2 1 1006 1053 1076 AND
2 1 987 1076 1077 XOR
2 1 1002 1053 1078 AND
2 1 989 1078 1079 XOR
2 1 998 1053 1080 AND
2 1 991 1080 1081 XOR
2 1 1053 16 1082 AND
2 1 993 1082 1083 XOR
1 1 0 1084 INV
2 1 1084 16 1085 AND
1 1 1085 1086 INV
2 1 1083 1086 1087 XOR
2 1 130 1085 1088 XOR
2 1 1087 1088 1089 AND
2 1 1089 1086 1090 XOR
2 1 1081 1090 1091 XOR
2 1 250 1090 1092 XOR
2 1 1091 1092 1093 AND
2 1 1093 1090 1094 XOR
2 1 1079 1094 1095 XOR
2 1 249 1094 1096 XOR
2 1 1095 1096 1097 AND
2 1 1097 1094 1098 XOR
2 1 1077 1098 1099 XOR
2 1 248 1098 1100 XOR
2 1 1099 1100 1101 AND
2 1 1101 1098 1102 XOR
2 1 1075 1102 1103 XOR
2 1 247 1102 1104 XOR
2 1 1103 1104 1105 AND
2 1 1105 1102 1106 XOR
2 1 1073 1106 1107 XOR
2 1 246 1106 1108 XOR
2 1 1107 1108 1109 AND
2 1 1109 1106 1110 XOR
2 1 1071 1110 1111 XOR
2 1 245 1110 1112 XOR
2 1 1111 1112 1113 AND
2 1 1113 1110 1114 XOR
2 1 1069 1114 1115 XOR
2 1 244 1114 1116 XOR
2 1 1115 1116 1117 AND
2 1 1117 1114 1118 XOR
2 1 1067 1118 1119 XOR
2 1 243 1118 1120 XOR
2 1 1119 1120 1121 AND
2 1 1121 1118 1122 XOR
2 1 1065 1122 1123 XOR
2 1 242 1122 1124 XOR
2 1 1123 1124 1125 AND
2 1 1125 1122 1126 XOR
2 1 1063 1126 1127 XOR
2 1 241 1126 1128 XOR
2 1 1127 1128 1129 AND
2 1 1129 1126 1130 XOR
2 1 1061 1130 1131 XOR
2 1 240 1130 1132 XOR
2 1 1131 1132 1133 AND
2 1 1133 1130 1134 XOR
2 1 1059 1134 1135 XOR
2 1 239 1134 1136 XOR
2 1 1135 1136 1137 AND
2 1 1137 1134 1138 XOR
2 1 1057 1138 1139 XOR
2 1 238 1138 1140 XOR
2 1 1139 1140 1141 AND
2 1 1141 1138 1142 XOR
2 1 1055 1142 1143 XOR
2 1 1142 89 1144 XOR
1 1 1144 1145 INV
2 1 1143 1145 1146 AND
2 1 1146 1142 1219 XOR
2 1 15 31 1147 XOR
2 1 1219 1147 1148 AND
2 1 1148 1053 1220 XOR
1 1 1219 1149 INV
1 1 1053 1150 INV
2 1 1149 1150 1151 AND
1 1 1151 1152 INV
2 1 1147 1152 1153 AND
2 1 1153 963 1221 XOR
1 1 963 1154 INV
1 1 1152 1155 INV
2 1 1154 1155 1156 AND
1 1 1156 1157 INV
2 1 1147 1157 1158 AND
2 1 1158 878 1222 XOR
1 1 878 1159 INV
1 1 1157 1160 INV
2 1 1159 1160 1161 AND
1 1 1161 1162 INV
2 1 1147 1162 1163 AND
2 1 1163 798 1223 XOR
1 1 798 1164 INV
1 1 1162 1165 INV
2 1 1164 1165 1166 AND
1 1 1166 1167 INV
2 1 1147 1167 1168 AND
2 1 1168 723 1224 XOR
1 1 723 1169 INV
1 1 1167 1170 INV
2 1 1169 1170 1171 AND
1 1 1171 1172 INV
2 1 1147 1172 1173 AND
2 1 653 1173 1225 XOR
1 1 653 1174 INV
1 1 1172 1175 INV
2 1 1174 1175 1176 AND
1 1 1176 1177 INV
2 1 1147 1177 1178 AND
2 1 588 1178 1226 XOR
1 1 588 1179 INV
1 1 1177 1180 INV
2 1 1179 1180 1181 AND
1 1 1181 1182 INV
2 1 1147 1182 1183 AND
2 1 528 1183 1227 XOR
1 1 528 1184 INV
1 1 1182 1185 INV
2 1 1184 1185 1186 AND
1 1 1186 1187 INV
2 1 1147 1187 1188 AND
2 1 473 1188 1228 XOR
1 1 473 1189 INV
1 1 1187 1190 INV
2 1 1189 1190 1191 AND
1 1 1191 1192 INV
2 1 1147 1192 1193 AND
2 1 423 1193 1229 XOR
1 1 423 1194 INV
1 1 1192 1195 INV
2 1 1194 1195 1196 AND
1 1 1196 1197 INV
2 1 1147 1197 1198 AND
2 1 378 1198 1230 XOR
1 1 378 1199 INV
1 1 1197 1200 INV
2 1 1199 1200 1201 AND
1 1 1201 1202 INV
2 1 1147 1202 1203 AND
2 1 338 1203 1231 XOR
1 1 338 1204 INV
1 1 1202 1205 INV
2 1 1204 1205 1206 AND
1 1 1206 1207 INV
2 1 1147 1207 1208 AND
2 1 303 1208 1232 XOR
1 1 303 1209 INV
1 1 1207 1210 INV
2 1 1209 1210 1211 AND
1 1 1211 1212 INV
2 1 1147 1212 1213 AND
2 1 273 1213 1233 XOR
1 1 273 1214 INV
1 1 1212 1215 INV
2 1 1214 1215 1216 AND
1 1 1216 1217 INV
2 1 1147 1217 1218 AND
2 1 1218 235 1234 XOR
