3923 3987
32 32 32

1 1 0 64 INV
1 1 1 65 INV
2 1 64 65 66 AND
1 1 66 67 INV
1 1 67 68 INV
1 1 2 69 INV
2 1 68 69 70 AND
1 1 70 71 INV
1 1 71 72 INV
1 1 3 73 INV
2 1 72 73 74 AND
1 1 74 75 INV
1 1 75 76 INV
1 1 4 77 INV
2 1 76 77 78 AND
1 1 78 79 INV
1 1 79 80 INV
1 1 5 81 INV
2 1 80 81 82 AND
1 1 82 83 INV
1 1 83 84 INV
1 1 6 85 INV
2 1 84 85 86 AND
1 1 86 87 INV
1 1 87 88 INV
1 1 7 89 INV
2 1 88 89 90 AND
1 1 90 91 INV
1 1 91 92 INV
1 1 8 93 INV
2 1 92 93 94 AND
1 1 94 95 INV
1 1 95 96 INV
1 1 9 97 INV
2 1 96 97 98 AND
1 1 98 99 INV
1 1 99 100 INV
1 1 10 101 INV
2 1 100 101 102 AND
1 1 102 103 INV
1 1 103 104 INV
1 1 11 105 INV
2 1 104 105 106 AND
1 1 106 107 INV
1 1 107 108 INV
1 1 12 109 INV
2 1 108 109 110 AND
1 1 110 111 INV
1 1 111 112 INV
1 1 13 113 INV
2 1 112 113 114 AND
1 1 114 115 INV
1 1 115 116 INV
1 1 14 117 INV
2 1 116 117 118 AND
1 1 118 119 INV
1 1 119 120 INV
1 1 15 121 INV
2 1 120 121 122 AND
1 1 122 123 INV
1 1 123 124 INV
1 1 16 125 INV
2 1 124 125 126 AND
1 1 126 127 INV
1 1 127 128 INV
1 1 17 129 INV
2 1 128 129 130 AND
1 1 130 131 INV
1 1 131 132 INV
1 1 18 133 INV
2 1 132 133 134 AND
1 1 134 135 INV
1 1 135 136 INV
1 1 19 137 INV
2 1 136 137 138 AND
1 1 138 139 INV
1 1 139 140 INV
1 1 20 141 INV
2 1 140 141 142 AND
1 1 142 143 INV
1 1 143 144 INV
1 1 21 145 INV
2 1 144 145 146 AND
1 1 146 147 INV
1 1 147 148 INV
1 1 22 149 INV
2 1 148 149 150 AND
1 1 150 151 INV
1 1 151 152 INV
1 1 23 153 INV
2 1 152 153 154 AND
1 1 154 155 INV
1 1 155 156 INV
1 1 24 157 INV
2 1 156 157 158 AND
1 1 158 159 INV
1 1 159 160 INV
1 1 25 161 INV
2 1 160 161 162 AND
1 1 162 163 INV
1 1 163 164 INV
1 1 26 165 INV
2 1 164 165 166 AND
1 1 166 167 INV
1 1 167 168 INV
1 1 27 169 INV
2 1 168 169 170 AND
1 1 170 171 INV
1 1 171 172 INV
1 1 28 173 INV
2 1 172 173 174 AND
1 1 174 175 INV
1 1 175 176 INV
1 1 29 177 INV
2 1 176 177 178 AND
1 1 178 179 INV
1 1 179 180 INV
1 1 30 181 INV
2 1 180 181 182 AND
1 1 182 183 INV
1 1 183 184 INV
2 1 184 31 185 AND
1 1 185 186 INV
2 1 186 32 187 AND
1 1 187 188 INV
1 1 32 189 INV
1 1 33 190 INV
2 1 189 190 191 AND
1 1 191 192 INV
1 1 192 193 INV
1 1 34 194 INV
2 1 193 194 195 AND
1 1 195 196 INV
1 1 196 197 INV
1 1 35 198 INV
2 1 197 198 199 AND
1 1 199 200 INV
1 1 200 201 INV
1 1 36 202 INV
2 1 201 202 203 AND
1 1 203 204 INV
1 1 204 205 INV
1 1 37 206 INV
2 1 205 206 207 AND
1 1 207 208 INV
1 1 208 209 INV
1 1 38 210 INV
2 1 209 210 211 AND
1 1 211 212 INV
1 1 212 213 INV
1 1 39 214 INV
2 1 213 214 215 AND
1 1 215 216 INV
1 1 216 217 INV
1 1 40 218 INV
2 1 217 218 219 AND
1 1 219 220 INV
1 1 220 221 INV
1 1 41 222 INV
2 1 221 222 223 AND
1 1 223 224 INV
1 1 224 225 INV
1 1 42 226 INV
2 1 225 226 227 AND
1 1 227 228 INV
1 1 228 229 INV
1 1 43 230 INV
2 1 229 230 231 AND
1 1 231 232 INV
1 1 232 233 INV
1 1 44 234 INV
2 1 233 234 235 AND
1 1 235 236 INV
1 1 236 237 INV
1 1 45 238 INV
2 1 237 238 239 AND
1 1 239 240 INV
1 1 240 241 INV
1 1 46 242 INV
2 1 241 242 243 AND
1 1 243 244 INV
1 1 244 245 INV
1 1 47 246 INV
2 1 245 246 247 AND
1 1 247 248 INV
1 1 248 249 INV
1 1 48 250 INV
2 1 249 250 251 AND
1 1 251 252 INV
1 1 252 253 INV
1 1 49 254 INV
2 1 253 254 255 AND
1 1 255 256 INV
1 1 256 257 INV
1 1 50 258 INV
2 1 257 258 259 AND
1 1 259 260 INV
1 1 260 261 INV
1 1 51 262 INV
2 1 261 262 263 AND
1 1 263 264 INV
1 1 264 265 INV
1 1 52 266 INV
2 1 265 266 267 AND
1 1 267 268 INV
1 1 268 269 INV
1 1 53 270 INV
2 1 269 270 271 AND
1 1 271 272 INV
1 1 272 273 INV
1 1 54 274 INV
2 1 273 274 275 AND
1 1 275 276 INV
1 1 276 277 INV
1 1 55 278 INV
2 1 277 278 279 AND
1 1 279 280 INV
1 1 280 281 INV
1 1 56 282 INV
2 1 281 282 283 AND
1 1 283 284 INV
1 1 284 285 INV
1 1 57 286 INV
2 1 285 286 287 AND
1 1 287 288 INV
1 1 288 289 INV
1 1 58 290 INV
2 1 289 290 291 AND
1 1 291 292 INV
1 1 292 293 INV
1 1 59 294 INV
2 1 293 294 295 AND
1 1 295 296 INV
1 1 296 297 INV
1 1 60 298 INV
2 1 297 298 299 AND
1 1 299 300 INV
1 1 300 301 INV
1 1 61 302 INV
2 1 301 302 303 AND
1 1 303 304 INV
2 1 304 63 305 AND
2 1 305 62 306 XOR
1 1 306 307 INV
1 1 304 308 INV
1 1 62 309 INV
2 1 308 309 310 AND
1 1 310 311 INV
1 1 311 312 INV
2 1 312 63 313 AND
1 1 313 314 INV
2 1 307 314 315 AND
1 1 315 316 INV
1 1 316 317 INV
2 1 300 63 318 AND
2 1 318 61 319 XOR
1 1 319 320 INV
2 1 317 320 321 AND
1 1 321 322 INV
1 1 322 323 INV
2 1 296 63 324 AND
2 1 324 60 325 XOR
1 1 325 326 INV
2 1 323 326 327 AND
1 1 327 328 INV
1 1 328 329 INV
2 1 292 63 330 AND
2 1 330 59 331 XOR
1 1 331 332 INV
2 1 329 332 333 AND
1 1 333 334 INV
1 1 334 335 INV
2 1 288 63 336 AND
2 1 336 58 337 XOR
1 1 337 338 INV
2 1 335 338 339 AND
1 1 339 340 INV
1 1 340 341 INV
2 1 284 63 342 AND
2 1 342 57 343 XOR
1 1 343 344 INV
2 1 341 344 345 AND
1 1 345 346 INV
1 1 346 347 INV
2 1 280 63 348 AND
2 1 348 56 349 XOR
1 1 349 350 INV
2 1 347 350 351 AND
1 1 351 352 INV
1 1 352 353 INV
2 1 276 63 354 AND
2 1 354 55 355 XOR
1 1 355 356 INV
2 1 353 356 357 AND
1 1 357 358 INV
1 1 358 359 INV
2 1 272 63 360 AND
2 1 360 54 361 XOR
1 1 361 362 INV
2 1 359 362 363 AND
1 1 363 364 INV
1 1 364 365 INV
2 1 268 63 366 AND
2 1 366 53 367 XOR
1 1 367 368 INV
2 1 365 368 369 AND
1 1 369 370 INV
1 1 370 371 INV
2 1 264 63 372 AND
2 1 372 52 373 XOR
1 1 373 374 INV
2 1 371 374 375 AND
1 1 375 376 INV
1 1 376 377 INV
2 1 260 63 378 AND
2 1 378 51 379 XOR
1 1 379 380 INV
2 1 377 380 381 AND
1 1 381 382 INV
1 1 382 383 INV
2 1 256 63 384 AND
2 1 384 50 385 XOR
1 1 385 386 INV
2 1 383 386 387 AND
1 1 387 388 INV
1 1 388 389 INV
2 1 252 63 390 AND
2 1 390 49 391 XOR
1 1 391 392 INV
2 1 389 392 393 AND
1 1 393 394 INV
1 1 394 395 INV
2 1 248 63 396 AND
2 1 396 48 397 XOR
1 1 397 398 INV
2 1 395 398 399 AND
1 1 399 400 INV
1 1 400 401 INV
2 1 244 63 402 AND
2 1 402 47 403 XOR
1 1 403 404 INV
2 1 401 404 405 AND
1 1 405 406 INV
1 1 406 407 INV
2 1 240 63 408 AND
2 1 408 46 409 XOR
1 1 409 410 INV
2 1 407 410 411 AND
1 1 411 412 INV
1 1 412 413 INV
2 1 236 63 414 AND
2 1 414 45 415 XOR
1 1 415 416 INV
2 1 413 416 417 AND
1 1 417 418 INV
1 1 418 419 INV
2 1 232 63 420 AND
2 1 420 44 421 XOR
1 1 421 422 INV
2 1 419 422 423 AND
1 1 423 424 INV
1 1 424 425 INV
2 1 228 63 426 AND
2 1 426 43 427 XOR
1 1 427 428 INV
2 1 425 428 429 AND
1 1 429 430 INV
1 1 430 431 INV
2 1 224 63 432 AND
2 1 432 42 433 XOR
1 1 433 434 INV
2 1 431 434 435 AND
1 1 435 436 INV
1 1 436 437 INV
2 1 220 63 438 AND
2 1 438 41 439 XOR
1 1 439 440 INV
2 1 437 440 441 AND
1 1 441 442 INV
1 1 442 443 INV
2 1 216 63 444 AND
2 1 444 40 445 XOR
1 1 445 446 INV
2 1 443 446 447 AND
1 1 447 448 INV
1 1 448 449 INV
2 1 212 63 450 AND
2 1 450 39 451 XOR
1 1 451 452 INV
2 1 449 452 453 AND
1 1 453 454 INV
1 1 454 455 INV
2 1 208 63 456 AND
2 1 456 38 457 XOR
1 1 457 458 INV
2 1 455 458 459 AND
1 1 459 460 INV
1 1 460 461 INV
2 1 204 63 462 AND
2 1 462 37 463 XOR
1 1 463 464 INV
2 1 461 464 465 AND
1 1 465 466 INV
1 1 466 467 INV
2 1 200 63 468 AND
2 1 468 36 469 XOR
1 1 469 470 INV
2 1 467 470 471 AND
1 1 471 472 INV
1 1 472 473 INV
2 1 196 63 474 AND
2 1 474 35 475 XOR
1 1 475 476 INV
2 1 473 476 477 AND
1 1 477 478 INV
1 1 478 479 INV
2 1 192 63 480 AND
2 1 480 34 481 XOR
1 1 481 482 INV
2 1 479 482 483 AND
1 1 483 484 INV
1 1 484 485 INV
2 1 32 63 486 AND
2 1 486 33 487 XOR
1 1 487 488 INV
2 1 485 488 489 AND
1 1 489 490 INV
1 1 490 491 INV
2 1 188 491 492 AND
1 1 492 493 INV
1 1 493 494 INV
2 1 494 32 495 AND
2 1 495 185 496 XOR
1 1 484 497 INV
2 1 179 31 498 AND
2 1 498 30 499 XOR
1 1 499 500 INV
2 1 500 32 501 AND
2 1 487 501 502 XOR
2 1 496 501 503 XOR
1 1 503 504 INV
2 1 502 504 505 AND
2 1 505 501 506 XOR
1 1 506 507 INV
2 1 497 507 508 AND
1 1 508 509 INV
1 1 509 510 INV
2 1 510 502 511 AND
2 1 496 511 512 XOR
2 1 510 32 513 AND
2 1 499 513 514 XOR
2 1 175 31 515 AND
2 1 515 29 516 XOR
1 1 516 517 INV
2 1 517 32 518 AND
1 1 518 519 INV
2 1 514 519 520 XOR
2 1 487 518 521 XOR
2 1 520 521 522 AND
2 1 522 519 523 XOR
1 1 481 524 INV
2 1 523 524 525 XOR
1 1 478 526 INV
2 1 512 523 527 XOR
2 1 527 525 528 AND
2 1 528 523 529 XOR
1 1 529 530 INV
1 1 530 531 INV
2 1 526 531 532 AND
1 1 532 533 INV
1 1 533 534 INV
2 1 525 534 535 AND
2 1 512 535 536 XOR
2 1 534 521 537 AND
2 1 514 537 538 XOR
2 1 534 32 539 AND
2 1 516 539 540 XOR
2 1 171 31 541 AND
2 1 541 28 542 XOR
1 1 542 543 INV
2 1 543 32 544 AND
1 1 544 545 INV
2 1 540 545 546 XOR
2 1 487 544 547 XOR
2 1 546 547 548 AND
2 1 548 545 549 XOR
2 1 538 549 550 XOR
2 1 524 549 551 XOR
2 1 550 551 552 AND
2 1 552 549 553 XOR
1 1 475 554 INV
2 1 553 554 555 XOR
1 1 472 556 INV
2 1 536 553 557 XOR
2 1 557 555 558 AND
2 1 558 553 559 XOR
1 1 559 560 INV
1 1 560 561 INV
2 1 556 561 562 AND
1 1 562 563 INV
1 1 563 564 INV
2 1 555 564 565 AND
2 1 536 565 566 XOR
2 1 551 564 567 AND
2 1 538 567 568 XOR
2 1 564 547 569 AND
2 1 540 569 570 XOR
2 1 564 32 571 AND
2 1 542 571 572 XOR
2 1 167 31 573 AND
2 1 573 27 574 XOR
1 1 574 575 INV
2 1 575 32 576 AND
1 1 576 577 INV
2 1 572 577 578 XOR
2 1 487 576 579 XOR
2 1 578 579 580 AND
2 1 580 577 581 XOR
2 1 570 581 582 XOR
2 1 524 581 583 XOR
2 1 582 583 584 AND
2 1 584 581 585 XOR
2 1 568 585 586 XOR
2 1 554 585 587 XOR
2 1 586 587 588 AND
2 1 588 585 589 XOR
1 1 469 590 INV
2 1 589 590 591 XOR
1 1 466 592 INV
2 1 566 589 593 XOR
2 1 593 591 594 AND
2 1 594 589 595 XOR
1 1 595 596 INV
1 1 596 597 INV
2 1 592 597 598 AND
1 1 598 599 INV
1 1 599 600 INV
2 1 591 600 601 AND
2 1 566 601 602 XOR
2 1 587 600 603 AND
2 1 568 603 604 XOR
2 1 583 600 605 AND
2 1 570 605 606 XOR
2 1 600 579 607 AND
2 1 572 607 608 XOR
2 1 600 32 609 AND
2 1 574 609 610 XOR
2 1 163 31 611 AND
2 1 611 26 612 XOR
1 1 612 613 INV
2 1 613 32 614 AND
1 1 614 615 INV
2 1 610 615 616 XOR
2 1 487 614 617 XOR
2 1 616 617 618 AND
2 1 618 615 619 XOR
2 1 608 619 620 XOR
2 1 524 619 621 XOR
2 1 620 621 622 AND
2 1 622 619 623 XOR
2 1 606 623 624 XOR
2 1 554 623 625 XOR
2 1 624 625 626 AND
2 1 626 623 627 XOR
2 1 604 627 628 XOR
2 1 590 627 629 XOR
2 1 628 629 630 AND
2 1 630 627 631 XOR
1 1 463 632 INV
2 1 631 632 633 XOR
1 1 460 634 INV
2 1 602 631 635 XOR
2 1 635 633 636 AND
2 1 636 631 637 XOR
1 1 637 638 INV
1 1 638 639 INV
2 1 634 639 640 AND
1 1 640 641 INV
1 1 641 642 INV
2 1 633 642 643 AND
2 1 602 643 644 XOR
2 1 629 642 645 AND
2 1 604 645 646 XOR
2 1 625 642 647 AND
2 1 606 647 648 XOR
2 1 621 642 649 AND
2 1 608 649 650 XOR
2 1 642 617 651 AND
2 1 610 651 652 XOR
2 1 642 32 653 AND
2 1 612 653 654 XOR
2 1 159 31 655 AND
2 1 655 25 656 XOR
1 1 656 657 INV
2 1 657 32 658 AND
1 1 658 659 INV
2 1 654 659 660 XOR
2 1 487 658 661 XOR
2 1 660 661 662 AND
2 1 662 659 663 XOR
2 1 652 663 664 XOR
2 1 524 663 665 XOR
2 1 664 665 666 AND
2 1 666 663 667 XOR
2 1 650 667 668 XOR
2 1 554 667 669 XOR
2 1 668 669 670 AND
2 1 670 667 671 XOR
2 1 648 671 672 XOR
2 1 590 671 673 XOR
2 1 672 673 674 AND
2 1 674 671 675 XOR
2 1 646 675 676 XOR
2 1 632 675 677 XOR
2 1 676 677 678 AND
2 1 678 675 679 XOR
1 1 457 680 INV
2 1 679 680 681 XOR
1 1 454 682 INV
2 1 644 679 683 XOR
2 1 683 681 684 AND
2 1 684 679 685 XOR
1 1 685 686 INV
1 1 686 687 INV
2 1 682 687 688 AND
1 1 688 689 INV
1 1 689 690 INV
2 1 681 690 691 AND
2 1 644 691 692 XOR
2 1 677 690 693 AND
2 1 646 693 694 XOR
2 1 673 690 695 AND
2 1 648 695 696 XOR
2 1 669 690 697 AND
2 1 650 697 698 XOR
2 1 665 690 699 AND
2 1 652 699 700 XOR
2 1 690 661 701 AND
2 1 654 701 702 XOR
2 1 690 32 703 AND
2 1 656 703 704 XOR
2 1 155 31 705 AND
2 1 705 24 706 XOR
1 1 706 707 INV
2 1 707 32 708 AND
1 1 708 709 INV
2 1 704 709 710 XOR
2 1 487 708 711 XOR
2 1 710 711 712 AND
2 1 712 709 713 XOR
2 1 702 713 714 XOR
2 1 524 713 715 XOR
2 1 714 715 716 AND
2 1 716 713 717 XOR
2 1 700 717 718 XOR
2 1 554 717 719 XOR
2 1 718 719 720 AND
2 1 720 717 721 XOR
2 1 698 721 722 XOR
2 1 590 721 723 XOR
2 1 722 723 724 AND
2 1 724 721 725 XOR
2 1 696 725 726 XOR
2 1 632 725 727 XOR
2 1 726 727 728 AND
2 1 728 725 729 XOR
2 1 694 729 730 XOR
2 1 680 729 731 XOR
2 1 730 731 732 AND
2 1 732 729 733 XOR
1 1 451 734 INV
2 1 733 734 735 XOR
1 1 448 736 INV
2 1 692 733 737 XOR
2 1 737 735 738 AND
2 1 738 733 739 XOR
1 1 739 740 INV
1 1 740 741 INV
2 1 736 741 742 AND
1 1 742 743 INV
1 1 743 744 INV
2 1 735 744 745 AND
2 1 692 745 746 XOR
2 1 731 744 747 AND
2 1 694 747 748 XOR
2 1 727 744 749 AND
2 1 696 749 750 XOR
2 1 723 744 751 AND
2 1 698 751 752 XOR
2 1 719 744 753 AND
2 1 700 753 754 XOR
2 1 715 744 755 AND
2 1 702 755 756 XOR
2 1 744 711 757 AND
2 1 704 757 758 XOR
2 1 744 32 759 AND
2 1 706 759 760 XOR
2 1 151 31 761 AND
2 1 761 23 762 XOR
1 1 762 763 INV
2 1 763 32 764 AND
1 1 764 765 INV
2 1 760 765 766 XOR
2 1 487 764 767 XOR
2 1 766 767 768 AND
2 1 768 765 769 XOR
2 1 758 769 770 XOR
2 1 524 769 771 XOR
2 1 770 771 772 AND
2 1 772 769 773 XOR
2 1 756 773 774 XOR
2 1 554 773 775 XOR
2 1 774 775 776 AND
2 1 776 773 777 XOR
2 1 754 777 778 XOR
2 1 590 777 779 XOR
2 1 778 779 780 AND
2 1 780 777 781 XOR
2 1 752 781 782 XOR
2 1 632 781 783 XOR
2 1 782 783 784 AND
2 1 784 781 785 XOR
2 1 750 785 786 XOR
2 1 680 785 787 XOR
2 1 786 787 788 AND
2 1 788 785 789 XOR
2 1 748 789 790 XOR
2 1 734 789 791 XOR
2 1 790 791 792 AND
2 1 792 789 793 XOR
1 1 445 794 INV
2 1 793 794 795 XOR
1 1 442 796 INV
2 1 746 793 797 XOR
2 1 797 795 798 AND
2 1 798 793 799 XOR
1 1 799 800 INV
1 1 800 801 INV
2 1 796 801 802 AND
1 1 802 803 INV
1 1 803 804 INV
2 1 795 804 805 AND
2 1 746 805 806 XOR
2 1 791 804 807 AND
2 1 748 807 808 XOR
2 1 787 804 809 AND
2 1 750 809 810 XOR
2 1 783 804 811 AND
2 1 752 811 812 XOR
2 1 779 804 813 AND
2 1 754 813 814 XOR
2 1 775 804 815 AND
2 1 756 815 816 XOR
2 1 771 804 817 AND
2 1 758 817 818 XOR
2 1 804 767 819 AND
2 1 760 819 820 XOR
2 1 804 32 821 AND
2 1 762 821 822 XOR
2 1 147 31 823 AND
2 1 823 22 824 XOR
1 1 824 825 INV
2 1 825 32 826 AND
1 1 826 827 INV
2 1 822 827 828 XOR
2 1 487 826 829 XOR
2 1 828 829 830 AND
2 1 830 827 831 XOR
2 1 820 831 832 XOR
2 1 524 831 833 XOR
2 1 832 833 834 AND
2 1 834 831 835 XOR
2 1 818 835 836 XOR
2 1 554 835 837 XOR
2 1 836 837 838 AND
2 1 838 835 839 XOR
2 1 816 839 840 XOR
2 1 590 839 841 XOR
2 1 840 841 842 AND
2 1 842 839 843 XOR
2 1 814 843 844 XOR
2 1 632 843 845 XOR
2 1 844 845 846 AND
2 1 846 843 847 XOR
2 1 812 847 848 XOR
2 1 680 847 849 XOR
2 1 848 849 850 AND
2 1 850 847 851 XOR
2 1 810 851 852 XOR
2 1 734 851 853 XOR
2 1 852 853 854 AND
2 1 854 851 855 XOR
2 1 808 855 856 XOR
2 1 794 855 857 XOR
2 1 856 857 858 AND
2 1 858 855 859 XOR
1 1 439 860 INV
2 1 859 860 861 XOR
1 1 436 862 INV
2 1 806 859 863 XOR
2 1 863 861 864 AND
2 1 864 859 865 XOR
1 1 865 866 INV
1 1 866 867 INV
2 1 862 867 868 AND
1 1 868 869 INV
1 1 869 870 INV
2 1 861 870 871 AND
2 1 806 871 872 XOR
2 1 857 870 873 AND
2 1 808 873 874 XOR
2 1 853 870 875 AND
2 1 810 875 876 XOR
2 1 849 870 877 AND
2 1 812 877 878 XOR
2 1 845 870 879 AND
2 1 814 879 880 XOR
2 1 841 870 881 AND
2 1 816 881 882 XOR
2 1 837 870 883 AND
2 1 818 883 884 XOR
2 1 833 870 885 AND
2 1 820 885 886 XOR
2 1 870 829 887 AND
2 1 822 887 888 XOR
2 1 870 32 889 AND
2 1 824 889 890 XOR
2 1 143 31 891 AND
2 1 891 21 892 XOR
1 1 892 893 INV
2 1 893 32 894 AND
1 1 894 895 INV
2 1 890 895 896 XOR
2 1 487 894 897 XOR
2 1 896 897 898 AND
2 1 898 895 899 XOR
2 1 888 899 900 XOR
2 1 524 899 901 XOR
2 1 900 901 902 AND
2 1 902 899 903 XOR
2 1 886 903 904 XOR
2 1 554 903 905 XOR
2 1 904 905 906 AND
2 1 906 903 907 XOR
2 1 884 907 908 XOR
2 1 590 907 909 XOR
2 1 908 909 910 AND
2 1 910 907 911 XOR
2 1 882 911 912 XOR
2 1 632 911 913 XOR
2 1 912 913 914 AND
2 1 914 911 915 XOR
2 1 880 915 916 XOR
2 1 680 915 917 XOR
2 1 916 917 918 AND
2 1 918 915 919 XOR
2 1 878 919 920 XOR
2 1 734 919 921 XOR
2 1 920 921 922 AND
2 1 922 919 923 XOR
2 1 876 923 924 XOR
2 1 794 923 925 XOR
2 1 924 925 926 AND
2 1 926 923 927 XOR
2 1 874 927 928 XOR
2 1 860 927 929 XOR
2 1 928 929 930 AND
2 1 930 927 931 XOR
1 1 433 932 INV
2 1 931 932 933 XOR
1 1 430 934 INV
2 1 872 931 935 XOR
2 1 935 933 936 AND
2 1 936 931 937 XOR
1 1 937 938 INV
1 1 938 939 INV
2 1 934 939 940 AND
1 1 940 941 INV
1 1 941 942 INV
2 1 933 942 943 AND
2 1 872 943 944 XOR
2 1 929 942 945 AND
2 1 874 945 946 XOR
2 1 925 942 947 AND
2 1 876 947 948 XOR
2 1 921 942 949 AND
2 1 878 949 950 XOR
2 1 917 942 951 AND
2 1 880 951 952 XOR
2 1 913 942 953 AND
2 1 882 953 954 XOR
2 1 909 942 955 AND
2 1 884 955 956 XOR
2 1 905 942 957 AND
2 1 886 957 958 XOR
2 1 901 942 959 AND
2 1 888 959 960 XOR
2 1 942 897 961 AND
2 1 890 961 962 XOR
2 1 942 32 963 AND
2 1 892 963 964 XOR
2 1 139 31 965 AND
2 1 965 20 966 XOR
1 1 966 967 INV
2 1 967 32 968 AND
1 1 968 969 INV
2 1 964 969 970 XOR
2 1 487 968 971 XOR
2 1 970 971 972 AND
2 1 972 969 973 XOR
2 1 962 973 974 XOR
2 1 524 973 975 XOR
2 1 974 975 976 AND
2 1 976 973 977 XOR
2 1 960 977 978 XOR
2 1 554 977 979 XOR
2 1 978 979 980 AND
2 1 980 977 981 XOR
2 1 958 981 982 XOR
2 1 590 981 983 XOR
2 1 982 983 984 AND
2 1 984 981 985 XOR
2 1 956 985 986 XOR
2 1 632 985 987 XOR
2 1 986 987 988 AND
2 1 988 985 989 XOR
2 1 954 989 990 XOR
2 1 680 989 991 XOR
2 1 990 991 992 AND
2 1 992 989 993 XOR
2 1 952 993 994 XOR
2 1 734 993 995 XOR
2 1 994 995 996 AND
2 1 996 993 997 XOR
2 1 950 997 998 XOR
2 1 794 997 999 XOR
2 1 998 999 1000 AND
2 1 1000 997 1001 XOR
2 1 948 1001 1002 XOR
2 1 860 1001 1003 XOR
2 1 1002 1003 1004 AND
2 1 1004 1001 1005 XOR
2 1 946 1005 1006 XOR
2 1 932 1005 1007 XOR
2 1 1006 1007 1008 AND
2 1 1008 1005 1009 XOR
1 1 427 1010 INV
2 1 1009 1010 1011 XOR
1 1 424 1012 INV
2 1 944 1009 1013 XOR
2 1 1013 1011 1014 AND
2 1 1014 1009 1015 XOR
1 1 1015 1016 INV
1 1 1016 1017 INV
2 1 1012 1017 1018 AND
1 1 1018 1019 INV
1 1 1019 1020 INV
2 1 1011 1020 1021 AND
2 1 944 1021 1022 XOR
2 1 1007 1020 1023 AND
2 1 946 1023 1024 XOR
2 1 1003 1020 1025 AND
2 1 948 1025 1026 XOR
2 1 999 1020 1027 AND
2 1 950 1027 1028 XOR
2 1 995 1020 1029 AND
2 1 952 1029 1030 XOR
2 1 991 1020 1031 AND
2 1 954 1031 1032 XOR
2 1 987 1020 1033 AND
2 1 956 1033 1034 XOR
2 1 983 1020 1035 AND
2 1 958 1035 1036 XOR
2 1 979 1020 1037 AND
2 1 960 1037 1038 XOR
2 1 975 1020 1039 AND
2 1 962 1039 1040 XOR
2 1 1020 971 1041 AND
2 1 964 1041 1042 XOR
2 1 1020 32 1043 AND
2 1 966 1043 1044 XOR
2 1 135 31 1045 AND
2 1 1045 19 1046 XOR
1 1 1046 1047 INV
2 1 1047 32 1048 AND
1 1 1048 1049 INV
2 1 1044 1049 1050 XOR
2 1 487 1048 1051 XOR
2 1 1050 1051 1052 AND
2 1 1052 1049 1053 XOR
2 1 1042 1053 1054 XOR
2 1 524 1053 1055 XOR
2 1 1054 1055 1056 AND
2 1 1056 1053 1057 XOR
2 1 1040 1057 1058 XOR
2 1 554 1057 1059 XOR
2 1 1058 1059 1060 AND
2 1 1060 1057 1061 XOR
2 1 1038 1061 1062 XOR
2 1 590 1061 1063 XOR
2 1 1062 1063 1064 AND
2 1 1064 1061 1065 XOR
2 1 1036 1065 1066 XOR
2 1 632 1065 1067 XOR
2 1 1066 1067 1068 AND
2 1 1068 1065 1069 XOR
2 1 1034 1069 1070 XOR
2 1 680 1069 1071 XOR
2 1 1070 1071 1072 AND
2 1 1072 1069 1073 XOR
2 1 1032 1073 1074 XOR
2 1 734 1073 1075 XOR
2 1 1074 1075 1076 AND
2 1 1076 1073 1077 XOR
2 1 1030 1077 1078 XOR
2 1 794 1077 1079 XOR
2 1 1078 1079 1080 AND
2 1 1080 1077 1081 XOR
2 1 1028 1081 1082 XOR
2 1 860 1081 1083 XOR
2 1 1082 1083 1084 AND
2 1 1084 1081 1085 XOR
2 1 1026 1085 1086 XOR
2 1 932 1085 1087 XOR
2 1 1086 1087 1088 AND
2 1 1088 1085 1089 XOR
2 1 1024 1089 1090 XOR
2 1 1010 1089 1091 XOR
2 1 1090 1091 1092 AND
2 1 1092 1089 1093 XOR
1 1 421 1094 INV
2 1 1093 1094 1095 XOR
1 1 418 1096 INV
2 1 1022 1093 1097 XOR
2 1 1097 1095 1098 AND
2 1 1098 1093 1099 XOR
1 1 1099 1100 INV
1 1 1100 1101 INV
2 1 1096 1101 1102 AND
1 1 1102 1103 INV
1 1 1103 1104 INV
2 1 1095 1104 1105 AND
2 1 1022 1105 1106 XOR
2 1 1091 1104 1107 AND
2 1 1024 1107 1108 XOR
2 1 1087 1104 1109 AND
2 1 1026 1109 1110 XOR
2 1 1083 1104 1111 AND
2 1 1028 1111 1112 XOR
2 1 1079 1104 1113 AND
2 1 1030 1113 1114 XOR
2 1 1075 1104 1115 AND
2 1 1032 1115 1116 XOR
2 1 1071 1104 1117 AND
2 1 1034 1117 1118 XOR
2 1 1067 1104 1119 AND
2 1 1036 1119 1120 XOR
2 1 1063 1104 1121 AND
2 1 1038 1121 1122 XOR
2 1 1059 1104 1123 AND
2 1 1040 1123 1124 XOR
2 1 1055 1104 1125 AND
2 1 1042 1125 1126 XOR
2 1 1104 1051 1127 AND
2 1 1044 1127 1128 XOR
2 1 1104 32 1129 AND
2 1 1046 1129 1130 XOR
2 1 131 31 1131 AND
2 1 1131 18 1132 XOR
1 1 1132 1133 INV
2 1 1133 32 1134 AND
1 1 1134 1135 INV
2 1 1130 1135 1136 XOR
2 1 487 1134 1137 XOR
2 1 1136 1137 1138 AND
2 1 1138 1135 1139 XOR
2 1 1128 1139 1140 XOR
2 1 524 1139 1141 XOR
2 1 1140 1141 1142 AND
2 1 1142 1139 1143 XOR
2 1 1126 1143 1144 XOR
2 1 554 1143 1145 XOR
2 1 1144 1145 1146 AND
2 1 1146 1143 1147 XOR
2 1 1124 1147 1148 XOR
2 1 590 1147 1149 XOR
2 1 1148 1149 1150 AND
2 1 1150 1147 1151 XOR
2 1 1122 1151 1152 XOR
2 1 632 1151 1153 XOR
2 1 1152 1153 1154 AND
2 1 1154 1151 1155 XOR
2 1 1120 1155 1156 XOR
2 1 680 1155 1157 XOR
2 1 1156 1157 1158 AND
2 1 1158 1155 1159 XOR
2 1 1118 1159 1160 XOR
2 1 734 1159 1161 XOR
2 1 1160 1161 1162 AND
2 1 1162 1159 1163 XOR
2 1 1116 1163 1164 XOR
2 1 794 1163 1165 XOR
2 1 1164 1165 1166 AND
2 1 1166 1163 1167 XOR
2 1 1114 1167 1168 XOR
2 1 860 1167 1169 XOR
2 1 1168 1169 1170 AND
2 1 1170 1167 1171 XOR
2 1 1112 1171 1172 XOR
2 1 932 1171 1173 XOR
2 1 1172 1173 1174 AND
2 1 1174 1171 1175 XOR
2 1 1110 1175 1176 XOR
2 1 1010 1175 1177 XOR
2 1 1176 1177 1178 AND
2 1 1178 1175 1179 XOR
2 1 1108 1179 1180 XOR
2 1 1094 1179 1181 XOR
2 1 1180 1181 1182 AND
2 1 1182 1179 1183 XOR
1 1 415 1184 INV
2 1 1183 1184 1185 XOR
1 1 412 1186 INV
2 1 1106 1183 1187 XOR
2 1 1187 1185 1188 AND
2 1 1188 1183 1189 XOR
1 1 1189 1190 INV
1 1 1190 1191 INV
2 1 1186 1191 1192 AND
1 1 1192 1193 INV
1 1 1193 1194 INV
2 1 1185 1194 1195 AND
2 1 1106 1195 1196 XOR
2 1 1181 1194 1197 AND
2 1 1108 1197 1198 XOR
2 1 1177 1194 1199 AND
2 1 1110 1199 1200 XOR
2 1 1173 1194 1201 AND
2 1 1112 1201 1202 XOR
2 1 1169 1194 1203 AND
2 1 1114 1203 1204 XOR
2 1 1165 1194 1205 AND
2 1 1116 1205 1206 XOR
2 1 1161 1194 1207 AND
2 1 1118 1207 1208 XOR
2 1 1157 1194 1209 AND
2 1 1120 1209 1210 XOR
2 1 1153 1194 1211 AND
2 1 1122 1211 1212 XOR
2 1 1149 1194 1213 AND
2 1 1124 1213 1214 XOR
2 1 1145 1194 1215 AND
2 1 1126 1215 1216 XOR
2 1 1141 1194 1217 AND
2 1 1128 1217 1218 XOR
2 1 1194 1137 1219 AND
2 1 1130 1219 1220 XOR
2 1 1194 32 1221 AND
2 1 1132 1221 1222 XOR
2 1 127 31 1223 AND
2 1 1223 17 1224 XOR
1 1 1224 1225 INV
2 1 1225 32 1226 AND
1 1 1226 1227 INV
2 1 1222 1227 1228 XOR
2 1 487 1226 1229 XOR
2 1 1228 1229 1230 AND
2 1 1230 1227 1231 XOR
2 1 1220 1231 1232 XOR
2 1 524 1231 1233 XOR
2 1 1232 1233 1234 AND
2 1 1234 1231 1235 XOR
2 1 1218 1235 1236 XOR
2 1 554 1235 1237 XOR
2 1 1236 1237 1238 AND
2 1 1238 1235 1239 XOR
2 1 1216 1239 1240 XOR
2 1 590 1239 1241 XOR
2 1 1240 1241 1242 AND
2 1 1242 1239 1243 XOR
2 1 1214 1243 1244 XOR
2 1 632 1243 1245 XOR
2 1 1244 1245 1246 AND
2 1 1246 1243 1247 XOR
2 1 1212 1247 1248 XOR
2 1 680 1247 1249 XOR
2 1 1248 1249 1250 AND
2 1 1250 1247 1251 XOR
2 1 1210 1251 1252 XOR
2 1 734 1251 1253 XOR
2 1 1252 1253 1254 AND
2 1 1254 1251 1255 XOR
2 1 1208 1255 1256 XOR
2 1 794 1255 1257 XOR
2 1 1256 1257 1258 AND
2 1 1258 1255 1259 XOR
2 1 1206 1259 1260 XOR
2 1 860 1259 1261 XOR
2 1 1260 1261 1262 AND
2 1 1262 1259 1263 XOR
2 1 1204 1263 1264 XOR
2 1 932 1263 1265 XOR
2 1 1264 1265 1266 AND
2 1 1266 1263 1267 XOR
2 1 1202 1267 1268 XOR
2 1 1010 1267 1269 XOR
2 1 1268 1269 1270 AND
2 1 1270 1267 1271 XOR
2 1 1200 1271 1272 XOR
2 1 1094 1271 1273 XOR
2 1 1272 1273 1274 AND
2 1 1274 1271 1275 XOR
2 1 1198 1275 1276 XOR
2 1 1184 1275 1277 XOR
2 1 1276 1277 1278 AND
2 1 1278 1275 1279 XOR
1 1 409 1280 INV
2 1 1279 1280 1281 XOR
1 1 406 1282 INV
2 1 1196 1279 1283 XOR
2 1 1283 1281 1284 AND
2 1 1284 1279 1285 XOR
1 1 1285 1286 INV
1 1 1286 1287 INV
2 1 1282 1287 1288 AND
1 1 1288 1289 INV
1 1 1289 1290 INV
2 1 1281 1290 1291 AND
2 1 1196 1291 1292 XOR
2 1 1277 1290 1293 AND
2 1 1198 1293 1294 XOR
2 1 1273 1290 1295 AND
2 1 1200 1295 1296 XOR
2 1 1269 1290 1297 AND
2 1 1202 1297 1298 XOR
2 1 1265 1290 1299 AND
2 1 1204 1299 1300 XOR
2 1 1261 1290 1301 AND
2 1 1206 1301 1302 XOR
2 1 1257 1290 1303 AND
2 1 1208 1303 1304 XOR
2 1 1253 1290 1305 AND
2 1 1210 1305 1306 XOR
2 1 1249 1290 1307 AND
2 1 1212 1307 1308 XOR
2 1 1245 1290 1309 AND
2 1 1214 1309 1310 XOR
2 1 1241 1290 1311 AND
2 1 1216 1311 1312 XOR
2 1 1237 1290 1313 AND
2 1 1218 1313 1314 XOR
2 1 1233 1290 1315 AND
2 1 1220 1315 1316 XOR
2 1 1290 1229 1317 AND
2 1 1222 1317 1318 XOR
2 1 1290 32 1319 AND
2 1 1224 1319 1320 XOR
2 1 123 31 1321 AND
2 1 1321 16 1322 XOR
1 1 1322 1323 INV
2 1 1323 32 1324 AND
1 1 1324 1325 INV
2 1 1320 1325 1326 XOR
2 1 487 1324 1327 XOR
2 1 1326 1327 1328 AND
2 1 1328 1325 1329 XOR
2 1 1318 1329 1330 XOR
2 1 524 1329 1331 XOR
2 1 1330 1331 1332 AND
2 1 1332 1329 1333 XOR
2 1 1316 1333 1334 XOR
2 1 554 1333 1335 XOR
2 1 1334 1335 1336 AND
2 1 1336 1333 1337 XOR
2 1 1314 1337 1338 XOR
2 1 590 1337 1339 XOR
2 1 1338 1339 1340 AND
2 1 1340 1337 1341 XOR
2 1 1312 1341 1342 XOR
2 1 632 1341 1343 XOR
2 1 1342 1343 1344 AND
2 1 1344 1341 1345 XOR
2 1 1310 1345 1346 XOR
2 1 680 1345 1347 XOR
2 1 1346 1347 1348 AND
2 1 1348 1345 1349 XOR
2 1 1308 1349 1350 XOR
2 1 734 1349 1351 XOR
2 1 1350 1351 1352 AND
2 1 1352 1349 1353 XOR
2 1 1306 1353 1354 XOR
2 1 794 1353 1355 XOR
2 1 1354 1355 1356 AND
2 1 1356 1353 1357 XOR
2 1 1304 1357 1358 XOR
2 1 860 1357 1359 XOR
2 1 1358 1359 1360 AND
2 1 1360 1357 1361 XOR
2 1 1302 1361 1362 XOR
2 1 932 1361 1363 XOR
2 1 1362 1363 1364 AND
2 1 1364 1361 1365 XOR
2 1 1300 1365 1366 XOR
2 1 1010 1365 1367 XOR
2 1 1366 1367 1368 AND
2 1 1368 1365 1369 XOR
2 1 1298 1369 1370 XOR
2 1 1094 1369 1371 XOR
2 1 1370 1371 1372 AND
2 1 1372 1369 1373 XOR
2 1 1296 1373 1374 XOR
2 1 1184 1373 1375 XOR
2 1 1374 1375 1376 AND
2 1 1376 1373 1377 XOR
2 1 1294 1377 1378 XOR
2 1 1280 1377 1379 XOR
2 1 1378 1379 1380 AND
2 1 1380 1377 1381 XOR
1 1 403 1382 INV
2 1 1381 1382 1383 XOR
1 1 400 1384 INV
2 1 1292 1381 1385 XOR
2 1 1385 1383 1386 AND
2 1 1386 1381 1387 XOR
1 1 1387 1388 INV
1 1 1388 1389 INV
2 1 1384 1389 1390 AND
1 1 1390 1391 INV
1 1 1391 1392 INV
2 1 1383 1392 1393 AND
2 1 1292 1393 1394 XOR
2 1 1379 1392 1395 AND
2 1 1294 1395 1396 XOR
2 1 1375 1392 1397 AND
2 1 1296 1397 1398 XOR
2 1 1371 1392 1399 AND
2 1 1298 1399 1400 XOR
2 1 1367 1392 1401 AND
2 1 1300 1401 1402 XOR
2 1 1363 1392 1403 AND
2 1 1302 1403 1404 XOR
2 1 1359 1392 1405 AND
2 1 1304 1405 1406 XOR
2 1 1355 1392 1407 AND
2 1 1306 1407 1408 XOR
2 1 1351 1392 1409 AND
2 1 1308 1409 1410 XOR
2 1 1347 1392 1411 AND
2 1 1310 1411 1412 XOR
2 1 1343 1392 1413 AND
2 1 1312 1413 1414 XOR
2 1 1339 1392 1415 AND
2 1 1314 1415 1416 XOR
2 1 1335 1392 1417 AND
2 1 1316 1417 1418 XOR
2 1 1331 1392 1419 AND
2 1 1318 1419 1420 XOR
2 1 1392 1327 1421 AND
2 1 1320 1421 1422 XOR
2 1 1392 32 1423 AND
2 1 1322 1423 1424 XOR
2 1 119 31 1425 AND
2 1 1425 15 1426 XOR
1 1 1426 1427 INV
2 1 1427 32 1428 AND
1 1 1428 1429 INV
2 1 1424 1429 1430 XOR
2 1 487 1428 1431 XOR
2 1 1430 1431 1432 AND
2 1 1432 1429 1433 XOR
2 1 1422 1433 1434 XOR
2 1 524 1433 1435 XOR
2 1 1434 1435 1436 AND
2 1 1436 1433 1437 XOR
2 1 1420 1437 1438 XOR
2 1 554 1437 1439 XOR
2 1 1438 1439 1440 AND
2 1 1440 1437 1441 XOR
2 1 1418 1441 1442 XOR
2 1 590 1441 1443 XOR
2 1 1442 1443 1444 AND
2 1 1444 1441 1445 XOR
2 1 1416 1445 1446 XOR
2 1 632 1445 1447 XOR
2 1 1446 1447 1448 AND
2 1 1448 1445 1449 XOR
2 1 1414 1449 1450 XOR
2 1 680 1449 1451 XOR
2 1 1450 1451 1452 AND
2 1 1452 1449 1453 XOR
2 1 1412 1453 1454 XOR
2 1 734 1453 1455 XOR
2 1 1454 1455 1456 AND
2 1 1456 1453 1457 XOR
2 1 1410 1457 1458 XOR
2 1 794 1457 1459 XOR
2 1 1458 1459 1460 AND
2 1 1460 1457 1461 XOR
2 1 1408 1461 1462 XOR
2 1 860 1461 1463 XOR
2 1 1462 1463 1464 AND
2 1 1464 1461 1465 XOR
2 1 1406 1465 1466 XOR
2 1 932 1465 1467 XOR
2 1 1466 1467 1468 AND
2 1 1468 1465 1469 XOR
2 1 1404 1469 1470 XOR
2 1 1010 1469 1471 XOR
2 1 1470 1471 1472 AND
2 1 1472 1469 1473 XOR
2 1 1402 1473 1474 XOR
2 1 1094 1473 1475 XOR
2 1 1474 1475 1476 AND
2 1 1476 1473 1477 XOR
2 1 1400 1477 1478 XOR
2 1 1184 1477 1479 XOR
2 1 1478 1479 1480 AND
2 1 1480 1477 1481 XOR
2 1 1398 1481 1482 XOR
2 1 1280 1481 1483 XOR
2 1 1482 1483 1484 AND
2 1 1484 1481 1485 XOR
2 1 1396 1485 1486 XOR
2 1 1382 1485 1487 XOR
2 1 1486 1487 1488 AND
2 1 1488 1485 1489 XOR
1 1 397 1490 INV
2 1 1489 1490 1491 XOR
1 1 394 1492 INV
2 1 1394 1489 1493 XOR
2 1 1493 1491 1494 AND
2 1 1494 1489 1495 XOR
1 1 1495 1496 INV
1 1 1496 1497 INV
2 1 1492 1497 1498 AND
1 1 1498 1499 INV
1 1 1499 1500 INV
2 1 1491 1500 1501 AND
2 1 1394 1501 1502 XOR
2 1 1487 1500 1503 AND
2 1 1396 1503 1504 XOR
2 1 1483 1500 1505 AND
2 1 1398 1505 1506 XOR
2 1 1479 1500 1507 AND
2 1 1400 1507 1508 XOR
2 1 1475 1500 1509 AND
2 1 1402 1509 1510 XOR
2 1 1471 1500 1511 AND
2 1 1404 1511 1512 XOR
2 1 1467 1500 1513 AND
2 1 1406 1513 1514 XOR
2 1 1463 1500 1515 AND
2 1 1408 1515 1516 XOR
2 1 1459 1500 1517 AND
2 1 1410 1517 1518 XOR
2 1 1455 1500 1519 AND
2 1 1412 1519 1520 XOR
2 1 1451 1500 1521 AND
2 1 1414 1521 1522 XOR
2 1 1447 1500 1523 AND
2 1 1416 1523 1524 XOR
2 1 1443 1500 1525 AND
2 1 1418 1525 1526 XOR
2 1 1439 1500 1527 AND
2 1 1420 1527 1528 XOR
2 1 1435 1500 1529 AND
2 1 1422 1529 1530 XOR
2 1 1500 1431 1531 AND
2 1 1424 1531 1532 XOR
2 1 1500 32 1533 AND
2 1 1426 1533 1534 XOR
2 1 115 31 1535 AND
2 1 1535 14 1536 XOR
1 1 1536 1537 INV
2 1 1537 32 1538 AND
1 1 1538 1539 INV
2 1 1534 1539 1540 XOR
2 1 487 1538 1541 XOR
2 1 1540 1541 1542 AND
2 1 1542 1539 1543 XOR
2 1 1532 1543 1544 XOR
2 1 524 1543 1545 XOR
2 1 1544 1545 1546 AND
2 1 1546 1543 1547 XOR
2 1 1530 1547 1548 XOR
2 1 554 1547 1549 XOR
2 1 1548 1549 1550 AND
2 1 1550 1547 1551 XOR
2 1 1528 1551 1552 XOR
2 1 590 1551 1553 XOR
2 1 1552 1553 1554 AND
2 1 1554 1551 1555 XOR
2 1 1526 1555 1556 XOR
2 1 632 1555 1557 XOR
2 1 1556 1557 1558 AND
2 1 1558 1555 1559 XOR
2 1 1524 1559 1560 XOR
2 1 680 1559 1561 XOR
2 1 1560 1561 1562 AND
2 1 1562 1559 1563 XOR
2 1 1522 1563 1564 XOR
2 1 734 1563 1565 XOR
2 1 1564 1565 1566 AND
2 1 1566 1563 1567 XOR
2 1 1520 1567 1568 XOR
2 1 794 1567 1569 XOR
2 1 1568 1569 1570 AND
2 1 1570 1567 1571 XOR
2 1 1518 1571 1572 XOR
2 1 860 1571 1573 XOR
2 1 1572 1573 1574 AND
2 1 1574 1571 1575 XOR
2 1 1516 1575 1576 XOR
2 1 932 1575 1577 XOR
2 1 1576 1577 1578 AND
2 1 1578 1575 1579 XOR
2 1 1514 1579 1580 XOR
2 1 1010 1579 1581 XOR
2 1 1580 1581 1582 AND
2 1 1582 1579 1583 XOR
2 1 1512 1583 1584 XOR
2 1 1094 1583 1585 XOR
2 1 1584 1585 1586 AND
2 1 1586 1583 1587 XOR
2 1 1510 1587 1588 XOR
2 1 1184 1587 1589 XOR
2 1 1588 1589 1590 AND
2 1 1590 1587 1591 XOR
2 1 1508 1591 1592 XOR
2 1 1280 1591 1593 XOR
2 1 1592 1593 1594 AND
2 1 1594 1591 1595 XOR
2 1 1506 1595 1596 XOR
2 1 1382 1595 1597 XOR
2 1 1596 1597 1598 AND
2 1 1598 1595 1599 XOR
2 1 1504 1599 1600 XOR
2 1 1490 1599 1601 XOR
2 1 1600 1601 1602 AND
2 1 1602 1599 1603 XOR
1 1 391 1604 INV
2 1 1603 1604 1605 XOR
1 1 388 1606 INV
2 1 1502 1603 1607 XOR
2 1 1607 1605 1608 AND
2 1 1608 1603 1609 XOR
1 1 1609 1610 INV
1 1 1610 1611 INV
2 1 1606 1611 1612 AND
1 1 1612 1613 INV
1 1 1613 1614 INV
2 1 1605 1614 1615 AND
2 1 1502 1615 1616 XOR
2 1 1601 1614 1617 AND
2 1 1504 1617 1618 XOR
2 1 1597 1614 1619 AND
2 1 1506 1619 1620 XOR
2 1 1593 1614 1621 AND
2 1 1508 1621 1622 XOR
2 1 1589 1614 1623 AND
2 1 1510 1623 1624 XOR
2 1 1585 1614 1625 AND
2 1 1512 1625 1626 XOR
2 1 1581 1614 1627 AND
2 1 1514 1627 1628 XOR
2 1 1577 1614 1629 AND
2 1 1516 1629 1630 XOR
2 1 1573 1614 1631 AND
2 1 1518 1631 1632 XOR
2 1 1569 1614 1633 AND
2 1 1520 1633 1634 XOR
2 1 1565 1614 1635 AND
2 1 1522 1635 1636 XOR
2 1 1561 1614 1637 AND
2 1 1524 1637 1638 XOR
2 1 1557 1614 1639 AND
2 1 1526 1639 1640 XOR
2 1 1553 1614 1641 AND
2 1 1528 1641 1642 XOR
2 1 1549 1614 1643 AND
2 1 1530 1643 1644 XOR
2 1 1545 1614 1645 AND
2 1 1532 1645 1646 XOR
2 1 1614 1541 1647 AND
2 1 1534 1647 1648 XOR
2 1 1614 32 1649 AND
2 1 1536 1649 1650 XOR
2 1 111 31 1651 AND
2 1 1651 13 1652 XOR
1 1 1652 1653 INV
2 1 1653 32 1654 AND
1 1 1654 1655 INV
2 1 1650 1655 1656 XOR
2 1 487 1654 1657 XOR
2 1 1656 1657 1658 AND
2 1 1658 1655 1659 XOR
2 1 1648 1659 1660 XOR
2 1 524 1659 1661 XOR
2 1 1660 1661 1662 AND
2 1 1662 1659 1663 XOR
2 1 1646 1663 1664 XOR
2 1 554 1663 1665 XOR
2 1 1664 1665 1666 AND
2 1 1666 1663 1667 XOR
2 1 1644 1667 1668 XOR
2 1 590 1667 1669 XOR
2 1 1668 1669 1670 AND
2 1 1670 1667 1671 XOR
2 1 1642 1671 1672 XOR
2 1 632 1671 1673 XOR
2 1 1672 1673 1674 AND
2 1 1674 1671 1675 XOR
2 1 1640 1675 1676 XOR
2 1 680 1675 1677 XOR
2 1 1676 1677 1678 AND
2 1 1678 1675 1679 XOR
2 1 1638 1679 1680 XOR
2 1 734 1679 1681 XOR
2 1 1680 1681 1682 AND
2 1 1682 1679 1683 XOR
2 1 1636 1683 1684 XOR
2 1 794 1683 1685 XOR
2 1 1684 1685 1686 AND
2 1 1686 1683 1687 XOR
2 1 1634 1687 1688 XOR
2 1 860 1687 1689 XOR
2 1 1688 1689 1690 AND
2 1 1690 1687 1691 XOR
2 1 1632 1691 1692 XOR
2 1 932 1691 1693 XOR
2 1 1692 1693 1694 AND
2 1 1694 1691 1695 XOR
2 1 1630 1695 1696 XOR
2 1 1010 1695 1697 XOR
2 1 1696 1697 1698 AND
2 1 1698 1695 1699 XOR
2 1 1628 1699 1700 XOR
2 1 1094 1699 1701 XOR
2 1 1700 1701 1702 AND
2 1 1702 1699 1703 XOR
2 1 1626 1703 1704 XOR
2 1 1184 1703 1705 XOR
2 1 1704 1705 1706 AND
2 1 1706 1703 1707 XOR
2 1 1624 1707 1708 XOR
2 1 1280 1707 1709 XOR
2 1 1708 1709 1710 AND
2 1 1710 1707 1711 XOR
2 1 1622 1711 1712 XOR
2 1 1382 1711 1713 XOR
2 1 1712 1713 1714 AND
2 1 1714 1711 1715 XOR
2 1 1620 1715 1716 XOR
2 1 1490 1715 1717 XOR
2 1 1716 1717 1718 AND
2 1 1718 1715 1719 XOR
2 1 1618 1719 1720 XOR
2 1 1604 1719 1721 XOR
2 1 1720 1721 1722 AND
2 1 1722 1719 1723 XOR
1 1 385 1724 INV
2 1 1723 1724 1725 XOR
1 1 382 1726 INV
2 1 1616 1723 1727 XOR
2 1 1727 1725 1728 AND
2 1 1728 1723 1729 XOR
1 1 1729 1730 INV
1 1 1730 1731 INV
2 1 1726 1731 1732 AND
1 1 1732 1733 INV
1 1 1733 1734 INV
2 1 1725 1734 1735 AND
2 1 1616 1735 1736 XOR
2 1 1721 1734 1737 AND
2 1 1618 1737 1738 XOR
2 1 1717 1734 1739 AND
2 1 1620 1739 1740 XOR
2 1 1713 1734 1741 AND
2 1 1622 1741 1742 XOR
2 1 1709 1734 1743 AND
2 1 1624 1743 1744 XOR
2 1 1705 1734 1745 AND
2 1 1626 1745 1746 XOR
2 1 1701 1734 1747 AND
2 1 1628 1747 1748 XOR
2 1 1697 1734 1749 AND
2 1 1630 1749 1750 XOR
2 1 1693 1734 1751 AND
2 1 1632 1751 1752 XOR
2 1 1689 1734 1753 AND
2 1 1634 1753 1754 XOR
2 1 1685 1734 1755 AND
2 1 1636 1755 1756 XOR
2 1 1681 1734 1757 AND
2 1 1638 1757 1758 XOR
2 1 1677 1734 1759 AND
2 1 1640 1759 1760 XOR
2 1 1673 1734 1761 AND
2 1 1642 1761 1762 XOR
2 1 1669 1734 1763 AND
2 1 1644 1763 1764 XOR
2 1 1665 1734 1765 AND
2 1 1646 1765 1766 XOR
2 1 1661 1734 1767 AND
2 1 1648 1767 1768 XOR
2 1 1734 1657 1769 AND
2 1 1650 1769 1770 XOR
2 1 1734 32 1771 AND
2 1 1652 1771 1772 XOR
2 1 107 31 1773 AND
2 1 1773 12 1774 XOR
1 1 1774 1775 INV
2 1 1775 32 1776 AND
1 1 1776 1777 INV
2 1 1772 1777 1778 XOR
2 1 487 1776 1779 XOR
2 1 1778 1779 1780 AND
2 1 1780 1777 1781 XOR
2 1 1770 1781 1782 XOR
2 1 524 1781 1783 XOR
2 1 1782 1783 1784 AND
2 1 1784 1781 1785 XOR
2 1 1768 1785 1786 XOR
2 1 554 1785 1787 XOR
2 1 1786 1787 1788 AND
2 1 1788 1785 1789 XOR
2 1 1766 1789 1790 XOR
2 1 590 1789 1791 XOR
2 1 1790 1791 1792 AND
2 1 1792 1789 1793 XOR
2 1 1764 1793 1794 XOR
2 1 632 1793 1795 XOR
2 1 1794 1795 1796 AND
2 1 1796 1793 1797 XOR
2 1 1762 1797 1798 XOR
2 1 680 1797 1799 XOR
2 1 1798 1799 1800 AND
2 1 1800 1797 1801 XOR
2 1 1760 1801 1802 XOR
2 1 734 1801 1803 XOR
2 1 1802 1803 1804 AND
2 1 1804 1801 1805 XOR
2 1 1758 1805 1806 XOR
2 1 794 1805 1807 XOR
2 1 1806 1807 1808 AND
2 1 1808 1805 1809 XOR
2 1 1756 1809 1810 XOR
2 1 860 1809 1811 XOR
2 1 1810 1811 1812 AND
2 1 1812 1809 1813 XOR
2 1 1754 1813 1814 XOR
2 1 932 1813 1815 XOR
2 1 1814 1815 1816 AND
2 1 1816 1813 1817 XOR
2 1 1752 1817 1818 XOR
2 1 1010 1817 1819 XOR
2 1 1818 1819 1820 AND
2 1 1820 1817 1821 XOR
2 1 1750 1821 1822 XOR
2 1 1094 1821 1823 XOR
2 1 1822 1823 1824 AND
2 1 1824 1821 1825 XOR
2 1 1748 1825 1826 XOR
2 1 1184 1825 1827 XOR
2 1 1826 1827 1828 AND
2 1 1828 1825 1829 XOR
2 1 1746 1829 1830 XOR
2 1 1280 1829 1831 XOR
2 1 1830 1831 1832 AND
2 1 1832 1829 1833 XOR
2 1 1744 1833 1834 XOR
2 1 1382 1833 1835 XOR
2 1 1834 1835 1836 AND
2 1 1836 1833 1837 XOR
2 1 1742 1837 1838 XOR
2 1 1490 1837 1839 XOR
2 1 1838 1839 1840 AND
2 1 1840 1837 1841 XOR
2 1 1740 1841 1842 XOR
2 1 1604 1841 1843 XOR
2 1 1842 1843 1844 AND
2 1 1844 1841 1845 XOR
2 1 1738 1845 1846 XOR
2 1 1724 1845 1847 XOR
2 1 1846 1847 1848 AND
2 1 1848 1845 1849 XOR
1 1 379 1850 INV
2 1 1849 1850 1851 XOR
1 1 376 1852 INV
2 1 1736 1849 1853 XOR
2 1 1853 1851 1854 AND
2 1 1854 1849 1855 XOR
1 1 1855 1856 INV
1 1 1856 1857 INV
2 1 1852 1857 1858 AND
1 1 1858 1859 INV
1 1 1859 1860 INV
2 1 1851 1860 1861 AND
2 1 1736 1861 1862 XOR
2 1 1847 1860 1863 AND
2 1 1738 1863 1864 XOR
2 1 1843 1860 1865 AND
2 1 1740 1865 1866 XOR
2 1 1839 1860 1867 AND
2 1 1742 1867 1868 XOR
2 1 1835 1860 1869 AND
2 1 1744 1869 1870 XOR
2 1 1831 1860 1871 AND
2 1 1746 1871 1872 XOR
2 1 1827 1860 1873 AND
2 1 1748 1873 1874 XOR
2 1 1823 1860 1875 AND
2 1 1750 1875 1876 XOR
2 1 1819 1860 1877 AND
2 1 1752 1877 1878 XOR
2 1 1815 1860 1879 AND
2 1 1754 1879 1880 XOR
2 1 1811 1860 1881 AND
2 1 1756 1881 1882 XOR
2 1 1807 1860 1883 AND
2 1 1758 1883 1884 XOR
2 1 1803 1860 1885 AND
2 1 1760 1885 1886 XOR
2 1 1799 1860 1887 AND
2 1 1762 1887 1888 XOR
2 1 1795 1860 1889 AND
2 1 1764 1889 1890 XOR
2 1 1791 1860 1891 AND
2 1 1766 1891 1892 XOR
2 1 1787 1860 1893 AND
2 1 1768 1893 1894 XOR
2 1 1783 1860 1895 AND
2 1 1770 1895 1896 XOR
2 1 1860 1779 1897 AND
2 1 1772 1897 1898 XOR
2 1 1860 32 1899 AND
2 1 1774 1899 1900 XOR
2 1 103 31 1901 AND
2 1 1901 11 1902 XOR
1 1 1902 1903 INV
2 1 1903 32 1904 AND
1 1 1904 1905 INV
2 1 1900 1905 1906 XOR
2 1 487 1904 1907 XOR
2 1 1906 1907 1908 AND
2 1 1908 1905 1909 XOR
2 1 1898 1909 1910 XOR
2 1 524 1909 1911 XOR
2 1 1910 1911 1912 AND
2 1 1912 1909 1913 XOR
2 1 1896 1913 1914 XOR
2 1 554 1913 1915 XOR
2 1 1914 1915 1916 AND
2 1 1916 1913 1917 XOR
2 1 1894 1917 1918 XOR
2 1 590 1917 1919 XOR
2 1 1918 1919 1920 AND
2 1 1920 1917 1921 XOR
2 1 1892 1921 1922 XOR
2 1 632 1921 1923 XOR
2 1 1922 1923 1924 AND
2 1 1924 1921 1925 XOR
2 1 1890 1925 1926 XOR
2 1 680 1925 1927 XOR
2 1 1926 1927 1928 AND
2 1 1928 1925 1929 XOR
2 1 1888 1929 1930 XOR
2 1 734 1929 1931 XOR
2 1 1930 1931 1932 AND
2 1 1932 1929 1933 XOR
2 1 1886 1933 1934 XOR
2 1 794 1933 1935 XOR
2 1 1934 1935 1936 AND
2 1 1936 1933 1937 XOR
2 1 1884 1937 1938 XOR
2 1 860 1937 1939 XOR
2 1 1938 1939 1940 AND
2 1 1940 1937 1941 XOR
2 1 1882 1941 1942 XOR
2 1 932 1941 1943 XOR
2 1 1942 1943 1944 AND
2 1 1944 1941 1945 XOR
2 1 1880 1945 1946 XOR
2 1 1010 1945 1947 XOR
2 1 1946 1947 1948 AND
2 1 1948 1945 1949 XOR
2 1 1878 1949 1950 XOR
2 1 1094 1949 1951 XOR
2 1 1950 1951 1952 AND
2 1 1952 1949 1953 XOR
2 1 1876 1953 1954 XOR
2 1 1184 1953 1955 XOR
2 1 1954 1955 1956 AND
2 1 1956 1953 1957 XOR
2 1 1874 1957 1958 XOR
2 1 1280 1957 1959 XOR
2 1 1958 1959 1960 AND
2 1 1960 1957 1961 XOR
2 1 1872 1961 1962 XOR
2 1 1382 1961 1963 XOR
2 1 1962 1963 1964 AND
2 1 1964 1961 1965 XOR
2 1 1870 1965 1966 XOR
2 1 1490 1965 1967 XOR
2 1 1966 1967 1968 AND
2 1 1968 1965 1969 XOR
2 1 1868 1969 1970 XOR
2 1 1604 1969 1971 XOR
2 1 1970 1971 1972 AND
2 1 1972 1969 1973 XOR
2 1 1866 1973 1974 XOR
2 1 1724 1973 1975 XOR
2 1 1974 1975 1976 AND
2 1 1976 1973 1977 XOR
2 1 1864 1977 1978 XOR
2 1 1850 1977 1979 XOR
2 1 1978 1979 1980 AND
2 1 1980 1977 1981 XOR
1 1 373 1982 INV
2 1 1981 1982 1983 XOR
1 1 370 1984 INV
2 1 1862 1981 1985 XOR
2 1 1985 1983 1986 AND
2 1 1986 1981 1987 XOR
1 1 1987 1988 INV
1 1 1988 1989 INV
2 1 1984 1989 1990 AND
1 1 1990 1991 INV
1 1 1991 1992 INV
2 1 1983 1992 1993 AND
2 1 1862 1993 1994 XOR
2 1 1979 1992 1995 AND
2 1 1864 1995 1996 XOR
2 1 1975 1992 1997 AND
2 1 1866 1997 1998 XOR
2 1 1971 1992 1999 AND
2 1 1868 1999 2000 XOR
2 1 1967 1992 2001 AND
2 1 1870 2001 2002 XOR
2 1 1963 1992 2003 AND
2 1 1872 2003 2004 XOR
2 1 1959 1992 2005 AND
2 1 1874 2005 2006 XOR
2 1 1955 1992 2007 AND
2 1 1876 2007 2008 XOR
2 1 1951 1992 2009 AND
2 1 1878 2009 2010 XOR
2 1 1947 1992 2011 AND
2 1 1880 2011 2012 XOR
2 1 1943 1992 2013 AND
2 1 1882 2013 2014 XOR
2 1 1939 1992 2015 AND
2 1 1884 2015 2016 XOR
2 1 1935 1992 2017 AND
2 1 1886 2017 2018 XOR
2 1 1931 1992 2019 AND
2 1 1888 2019 2020 XOR
2 1 1927 1992 2021 AND
2 1 1890 2021 2022 XOR
2 1 1923 1992 2023 AND
2 1 1892 2023 2024 XOR
2 1 1919 1992 2025 AND
2 1 1894 2025 2026 XOR
2 1 1915 1992 2027 AND
2 1 1896 2027 2028 XOR
2 1 1911 1992 2029 AND
2 1 1898 2029 2030 XOR
2 1 1992 1907 2031 AND
2 1 1900 2031 2032 XOR
2 1 1992 32 2033 AND
2 1 1902 2033 2034 XOR
2 1 99 31 2035 AND
2 1 2035 10 2036 XOR
1 1 2036 2037 INV
2 1 2037 32 2038 AND
1 1 2038 2039 INV
2 1 2034 2039 2040 XOR
2 1 487 2038 2041 XOR
2 1 2040 2041 2042 AND
2 1 2042 2039 2043 XOR
2 1 2032 2043 2044 XOR
2 1 524 2043 2045 XOR
2 1 2044 2045 2046 AND
2 1 2046 2043 2047 XOR
2 1 2030 2047 2048 XOR
2 1 554 2047 2049 XOR
2 1 2048 2049 2050 AND
2 1 2050 2047 2051 XOR
2 1 2028 2051 2052 XOR
2 1 590 2051 2053 XOR
2 1 2052 2053 2054 AND
2 1 2054 2051 2055 XOR
2 1 2026 2055 2056 XOR
2 1 632 2055 2057 XOR
2 1 2056 2057 2058 AND
2 1 2058 2055 2059 XOR
2 1 2024 2059 2060 XOR
2 1 680 2059 2061 XOR
2 1 2060 2061 2062 AND
2 1 2062 2059 2063 XOR
2 1 2022 2063 2064 XOR
2 1 734 2063 2065 XOR
2 1 2064 2065 2066 AND
2 1 2066 2063 2067 XOR
2 1 2020 2067 2068 XOR
2 1 794 2067 2069 XOR
2 1 2068 2069 2070 AND
2 1 2070 2067 2071 XOR
2 1 2018 2071 2072 XOR
2 1 860 2071 2073 XOR
2 1 2072 2073 2074 AND
2 1 2074 2071 2075 XOR
2 1 2016 2075 2076 XOR
2 1 932 2075 2077 XOR
2 1 2076 2077 2078 AND
2 1 2078 2075 2079 XOR
2 1 2014 2079 2080 XOR
2 1 1010 2079 2081 XOR
2 1 2080 2081 2082 AND
2 1 2082 2079 2083 XOR
2 1 2012 2083 2084 XOR
2 1 1094 2083 2085 XOR
2 1 2084 2085 2086 AND
2 1 2086 2083 2087 XOR
2 1 2010 2087 2088 XOR
2 1 1184 2087 2089 XOR
2 1 2088 2089 2090 AND
2 1 2090 2087 2091 XOR
2 1 2008 2091 2092 XOR
2 1 1280 2091 2093 XOR
2 1 2092 2093 2094 AND
2 1 2094 2091 2095 XOR
2 1 2006 2095 2096 XOR
2 1 1382 2095 2097 XOR
2 1 2096 2097 2098 AND
2 1 2098 2095 2099 XOR
2 1 2004 2099 2100 XOR
2 1 1490 2099 2101 XOR
2 1 2100 2101 2102 AND
2 1 2102 2099 2103 XOR
2 1 2002 2103 2104 XOR
2 1 1604 2103 2105 XOR
2 1 2104 2105 2106 AND
2 1 2106 2103 2107 XOR
2 1 2000 2107 2108 XOR
2 1 1724 2107 2109 XOR
2 1 2108 2109 2110 AND
2 1 2110 2107 2111 XOR
2 1 1998 2111 2112 XOR
2 1 1850 2111 2113 XOR
2 1 2112 2113 2114 AND
2 1 2114 2111 2115 XOR
2 1 1996 2115 2116 XOR
2 1 1982 2115 2117 XOR
2 1 2116 2117 2118 AND
2 1 2118 2115 2119 XOR
1 1 367 2120 INV
2 1 2119 2120 2121 XOR
1 1 364 2122 INV
2 1 1994 2119 2123 XOR
2 1 2123 2121 2124 AND
2 1 2124 2119 2125 XOR
1 1 2125 2126 INV
1 1 2126 2127 INV
2 1 2122 2127 2128 AND
1 1 2128 2129 INV
1 1 2129 2130 INV
2 1 2121 2130 2131 AND
2 1 1994 2131 2132 XOR
2 1 2117 2130 2133 AND
2 1 1996 2133 2134 XOR
2 1 2113 2130 2135 AND
2 1 1998 2135 2136 XOR
2 1 2109 2130 2137 AND
2 1 2000 2137 2138 XOR
2 1 2105 2130 2139 AND
2 1 2002 2139 2140 XOR
2 1 2101 2130 2141 AND
2 1 2004 2141 2142 XOR
2 1 2097 2130 2143 AND
2 1 2006 2143 2144 XOR
2 1 2093 2130 2145 AND
2 1 2008 2145 2146 XOR
2 1 2089 2130 2147 AND
2 1 2010 2147 2148 XOR
2 1 2085 2130 2149 AND
2 1 2012 2149 2150 XOR
2 1 2081 2130 2151 AND
2 1 2014 2151 2152 XOR
2 1 2077 2130 2153 AND
2 1 2016 2153 2154 XOR
2 1 2073 2130 2155 AND
2 1 2018 2155 2156 XOR
2 1 2069 2130 2157 AND
2 1 2020 2157 2158 XOR
2 1 2065 2130 2159 AND
2 1 2022 2159 2160 XOR
2 1 2061 2130 2161 AND
2 1 2024 2161 2162 XOR
2 1 2057 2130 2163 AND
2 1 2026 2163 2164 XOR
2 1 2053 2130 2165 AND
2 1 2028 2165 2166 XOR
2 1 2049 2130 2167 AND
2 1 2030 2167 2168 XOR
2 1 2045 2130 2169 AND
2 1 2032 2169 2170 XOR
2 1 2130 2041 2171 AND
2 1 2034 2171 2172 XOR
2 1 2130 32 2173 AND
2 1 2036 2173 2174 XOR
2 1 95 31 2175 AND
2 1 2175 9 2176 XOR
1 1 2176 2177 INV
2 1 2177 32 2178 AND
1 1 2178 2179 INV
2 1 2174 2179 2180 XOR
2 1 487 2178 2181 XOR
2 1 2180 2181 2182 AND
2 1 2182 2179 2183 XOR
2 1 2172 2183 2184 XOR
2 1 524 2183 2185 XOR
2 1 2184 2185 2186 AND
2 1 2186 2183 2187 XOR
2 1 2170 2187 2188 XOR
2 1 554 2187 2189 XOR
2 1 2188 2189 2190 AND
2 1 2190 2187 2191 XOR
2 1 2168 2191 2192 XOR
2 1 590 2191 2193 XOR
2 1 2192 2193 2194 AND
2 1 2194 2191 2195 XOR
2 1 2166 2195 2196 XOR
2 1 632 2195 2197 XOR
2 1 2196 2197 2198 AND
2 1 2198 2195 2199 XOR
2 1 2164 2199 2200 XOR
2 1 680 2199 2201 XOR
2 1 2200 2201 2202 AND
2 1 2202 2199 2203 XOR
2 1 2162 2203 2204 XOR
2 1 734 2203 2205 XOR
2 1 2204 2205 2206 AND
2 1 2206 2203 2207 XOR
2 1 2160 2207 2208 XOR
2 1 794 2207 2209 XOR
2 1 2208 2209 2210 AND
2 1 2210 2207 2211 XOR
2 1 2158 2211 2212 XOR
2 1 860 2211 2213 XOR
2 1 2212 2213 2214 AND
2 1 2214 2211 2215 XOR
2 1 2156 2215 2216 XOR
2 1 932 2215 2217 XOR
2 1 2216 2217 2218 AND
2 1 2218 2215 2219 XOR
2 1 2154 2219 2220 XOR
2 1 1010 2219 2221 XOR
2 1 2220 2221 2222 AND
2 1 2222 2219 2223 XOR
2 1 2152 2223 2224 XOR
2 1 1094 2223 2225 XOR
2 1 2224 2225 2226 AND
2 1 2226 2223 2227 XOR
2 1 2150 2227 2228 XOR
2 1 1184 2227 2229 XOR
2 1 2228 2229 2230 AND
2 1 2230 2227 2231 XOR
2 1 2148 2231 2232 XOR
2 1 1280 2231 2233 XOR
2 1 2232 2233 2234 AND
2 1 2234 2231 2235 XOR
2 1 2146 2235 2236 XOR
2 1 1382 2235 2237 XOR
2 1 2236 2237 2238 AND
2 1 2238 2235 2239 XOR
2 1 2144 2239 2240 XOR
2 1 1490 2239 2241 XOR
2 1 2240 2241 2242 AND
2 1 2242 2239 2243 XOR
2 1 2142 2243 2244 XOR
2 1 1604 2243 2245 XOR
2 1 2244 2245 2246 AND
2 1 2246 2243 2247 XOR
2 1 2140 2247 2248 XOR
2 1 1724 2247 2249 XOR
2 1 2248 2249 2250 AND
2 1 2250 2247 2251 XOR
2 1 2138 2251 2252 XOR
2 1 1850 2251 2253 XOR
2 1 2252 2253 2254 AND
2 1 2254 2251 2255 XOR
2 1 2136 2255 2256 XOR
2 1 1982 2255 2257 XOR
2 1 2256 2257 2258 AND
2 1 2258 2255 2259 XOR
2 1 2134 2259 2260 XOR
2 1 2120 2259 2261 XOR
2 1 2260 2261 2262 AND
2 1 2262 2259 2263 XOR
1 1 361 2264 INV
2 1 2263 2264 2265 XOR
1 1 358 2266 INV
2 1 2132 2263 2267 XOR
2 1 2267 2265 2268 AND
2 1 2268 2263 2269 XOR
1 1 2269 2270 INV
1 1 2270 2271 INV
2 1 2266 2271 2272 AND
1 1 2272 2273 INV
1 1 2273 2274 INV
2 1 2265 2274 2275 AND
2 1 2132 2275 2276 XOR
2 1 2261 2274 2277 AND
2 1 2134 2277 2278 XOR
2 1 2257 2274 2279 AND
2 1 2136 2279 2280 XOR
2 1 2253 2274 2281 AND
2 1 2138 2281 2282 XOR
2 1 2249 2274 2283 AND
2 1 2140 2283 2284 XOR
2 1 2245 2274 2285 AND
2 1 2142 2285 2286 XOR
2 1 2241 2274 2287 AND
2 1 2144 2287 2288 XOR
2 1 2237 2274 2289 AND
2 1 2146 2289 2290 XOR
2 1 2233 2274 2291 AND
2 1 2148 2291 2292 XOR
2 1 2229 2274 2293 AND
2 1 2150 2293 2294 XOR
2 1 2225 2274 2295 AND
2 1 2152 2295 2296 XOR
2 1 2221 2274 2297 AND
2 1 2154 2297 2298 XOR
2 1 2217 2274 2299 AND
2 1 2156 2299 2300 XOR
2 1 2213 2274 2301 AND
2 1 2158 2301 2302 XOR
2 1 2209 2274 2303 AND
2 1 2160 2303 2304 XOR
2 1 2205 2274 2305 AND
2 1 2162 2305 2306 XOR
2 1 2201 2274 2307 AND
2 1 2164 2307 2308 XOR
2 1 2197 2274 2309 AND
2 1 2166 2309 2310 XOR
2 1 2193 2274 2311 AND
2 1 2168 2311 2312 XOR
2 1 2189 2274 2313 AND
2 1 2170 2313 2314 XOR
2 1 2185 2274 2315 AND
2 1 2172 2315 2316 XOR
2 1 2274 2181 2317 AND
2 1 2174 2317 2318 XOR
2 1 2274 32 2319 AND
2 1 2176 2319 2320 XOR
2 1 91 31 2321 AND
2 1 2321 8 2322 XOR
1 1 2322 2323 INV
2 1 2323 32 2324 AND
1 1 2324 2325 INV
2 1 2320 2325 2326 XOR
2 1 487 2324 2327 XOR
2 1 2326 2327 2328 AND
2 1 2328 2325 2329 XOR
2 1 2318 2329 2330 XOR
2 1 524 2329 2331 XOR
2 1 2330 2331 2332 AND
2 1 2332 2329 2333 XOR
2 1 2316 2333 2334 XOR
2 1 554 2333 2335 XOR
2 1 2334 2335 2336 AND
2 1 2336 2333 2337 XOR
2 1 2314 2337 2338 XOR
2 1 590 2337 2339 XOR
2 1 2338 2339 2340 AND
2 1 2340 2337 2341 XOR
2 1 2312 2341 2342 XOR
2 1 632 2341 2343 XOR
2 1 2342 2343 2344 AND
2 1 2344 2341 2345 XOR
2 1 2310 2345 2346 XOR
2 1 680 2345 2347 XOR
2 1 2346 2347 2348 AND
2 1 2348 2345 2349 XOR
2 1 2308 2349 2350 XOR
2 1 734 2349 2351 XOR
2 1 2350 2351 2352 AND
2 1 2352 2349 2353 XOR
2 1 2306 2353 2354 XOR
2 1 794 2353 2355 XOR
2 1 2354 2355 2356 AND
2 1 2356 2353 2357 XOR
2 1 2304 2357 2358 XOR
2 1 860 2357 2359 XOR
2 1 2358 2359 2360 AND
2 1 2360 2357 2361 XOR
2 1 2302 2361 2362 XOR
2 1 932 2361 2363 XOR
2 1 2362 2363 2364 AND
2 1 2364 2361 2365 XOR
2 1 2300 2365 2366 XOR
2 1 1010 2365 2367 XOR
2 1 2366 2367 2368 AND
2 1 2368 2365 2369 XOR
2 1 2298 2369 2370 XOR
2 1 1094 2369 2371 XOR
2 1 2370 2371 2372 AND
2 1 2372 2369 2373 XOR
2 1 2296 2373 2374 XOR
2 1 1184 2373 2375 XOR
2 1 2374 2375 2376 AND
2 1 2376 2373 2377 XOR
2 1 2294 2377 2378 XOR
2 1 1280 2377 2379 XOR
2 1 2378 2379 2380 AND
2 1 2380 2377 2381 XOR
2 1 2292 2381 2382 XOR
2 1 1382 2381 2383 XOR
2 1 2382 2383 2384 AND
2 1 2384 2381 2385 XOR
2 1 2290 2385 2386 XOR
2 1 1490 2385 2387 XOR
2 1 2386 2387 2388 AND
2 1 2388 2385 2389 XOR
2 1 2288 2389 2390 XOR
2 1 1604 2389 2391 XOR
2 1 2390 2391 2392 AND
2 1 2392 2389 2393 XOR
2 1 2286 2393 2394 XOR
2 1 1724 2393 2395 XOR
2 1 2394 2395 2396 AND
2 1 2396 2393 2397 XOR
2 1 2284 2397 2398 XOR
2 1 1850 2397 2399 XOR
2 1 2398 2399 2400 AND
2 1 2400 2397 2401 XOR
2 1 2282 2401 2402 XOR
2 1 1982 2401 2403 XOR
2 1 2402 2403 2404 AND
2 1 2404 2401 2405 XOR
2 1 2280 2405 2406 XOR
2 1 2120 2405 2407 XOR
2 1 2406 2407 2408 AND
2 1 2408 2405 2409 XOR
2 1 2278 2409 2410 XOR
2 1 2264 2409 2411 XOR
2 1 2410 2411 2412 AND
2 1 2412 2409 2413 XOR
1 1 355 2414 INV
2 1 2413 2414 2415 XOR
1 1 352 2416 INV
2 1 2276 2413 2417 XOR
2 1 2417 2415 2418 AND
2 1 2418 2413 2419 XOR
1 1 2419 2420 INV
1 1 2420 2421 INV
2 1 2416 2421 2422 AND
1 1 2422 2423 INV
1 1 2423 2424 INV
2 1 2415 2424 2425 AND
2 1 2276 2425 2426 XOR
2 1 2411 2424 2427 AND
2 1 2278 2427 2428 XOR
2 1 2407 2424 2429 AND
2 1 2280 2429 2430 XOR
2 1 2403 2424 2431 AND
2 1 2282 2431 2432 XOR
2 1 2399 2424 2433 AND
2 1 2284 2433 2434 XOR
2 1 2395 2424 2435 AND
2 1 2286 2435 2436 XOR
2 1 2391 2424 2437 AND
2 1 2288 2437 2438 XOR
2 1 2387 2424 2439 AND
2 1 2290 2439 2440 XOR
2 1 2383 2424 2441 AND
2 1 2292 2441 2442 XOR
2 1 2379 2424 2443 AND
2 1 2294 2443 2444 XOR
2 1 2375 2424 2445 AND
2 1 2296 2445 2446 XOR
2 1 2371 2424 2447 AND
2 1 2298 2447 2448 XOR
2 1 2367 2424 2449 AND
2 1 2300 2449 2450 XOR
2 1 2363 2424 2451 AND
2 1 2302 2451 2452 XOR
2 1 2359 2424 2453 AND
2 1 2304 2453 2454 XOR
2 1 2355 2424 2455 AND
2 1 2306 2455 2456 XOR
2 1 2351 2424 2457 AND
2 1 2308 2457 2458 XOR
2 1 2347 2424 2459 AND
2 1 2310 2459 2460 XOR
2 1 2343 2424 2461 AND
2 1 2312 2461 2462 XOR
2 1 2339 2424 2463 AND
2 1 2314 2463 2464 XOR
2 1 2335 2424 2465 AND
2 1 2316 2465 2466 XOR
2 1 2331 2424 2467 AND
2 1 2318 2467 2468 XOR
2 1 2424 2327 2469 AND
2 1 2320 2469 2470 XOR
2 1 2424 32 2471 AND
2 1 2322 2471 2472 XOR
2 1 87 31 2473 AND
2 1 2473 7 2474 XOR
1 1 2474 2475 INV
2 1 2475 32 2476 AND
1 1 2476 2477 INV
2 1 2472 2477 2478 XOR
2 1 487 2476 2479 XOR
2 1 2478 2479 2480 AND
2 1 2480 2477 2481 XOR
2 1 2470 2481 2482 XOR
2 1 524 2481 2483 XOR
2 1 2482 2483 2484 AND
2 1 2484 2481 2485 XOR
2 1 2468 2485 2486 XOR
2 1 554 2485 2487 XOR
2 1 2486 2487 2488 AND
2 1 2488 2485 2489 XOR
2 1 2466 2489 2490 XOR
2 1 590 2489 2491 XOR
2 1 2490 2491 2492 AND
2 1 2492 2489 2493 XOR
2 1 2464 2493 2494 XOR
2 1 632 2493 2495 XOR
2 1 2494 2495 2496 AND
2 1 2496 2493 2497 XOR
2 1 2462 2497 2498 XOR
2 1 680 2497 2499 XOR
2 1 2498 2499 2500 AND
2 1 2500 2497 2501 XOR
2 1 2460 2501 2502 XOR
2 1 734 2501 2503 XOR
2 1 2502 2503 2504 AND
2 1 2504 2501 2505 XOR
2 1 2458 2505 2506 XOR
2 1 794 2505 2507 XOR
2 1 2506 2507 2508 AND
2 1 2508 2505 2509 XOR
2 1 2456 2509 2510 XOR
2 1 860 2509 2511 XOR
2 1 2510 2511 2512 AND
2 1 2512 2509 2513 XOR
2 1 2454 2513 2514 XOR
2 1 932 2513 2515 XOR
2 1 2514 2515 2516 AND
2 1 2516 2513 2517 XOR
2 1 2452 2517 2518 XOR
2 1 1010 2517 2519 XOR
2 1 2518 2519 2520 AND
2 1 2520 2517 2521 XOR
2 1 2450 2521 2522 XOR
2 1 1094 2521 2523 XOR
2 1 2522 2523 2524 AND
2 1 2524 2521 2525 XOR
2 1 2448 2525 2526 XOR
2 1 1184 2525 2527 XOR
2 1 2526 2527 2528 AND
2 1 2528 2525 2529 XOR
2 1 2446 2529 2530 XOR
2 1 1280 2529 2531 XOR
2 1 2530 2531 2532 AND
2 1 2532 2529 2533 XOR
2 1 2444 2533 2534 XOR
2 1 1382 2533 2535 XOR
2 1 2534 2535 2536 AND
2 1 2536 2533 2537 XOR
2 1 2442 2537 2538 XOR
2 1 1490 2537 2539 XOR
2 1 2538 2539 2540 AND
2 1 2540 2537 2541 XOR
2 1 2440 2541 2542 XOR
2 1 1604 2541 2543 XOR
2 1 2542 2543 2544 AND
2 1 2544 2541 2545 XOR
2 1 2438 2545 2546 XOR
2 1 1724 2545 2547 XOR
2 1 2546 2547 2548 AND
2 1 2548 2545 2549 XOR
2 1 2436 2549 2550 XOR
2 1 1850 2549 2551 XOR
2 1 2550 2551 2552 AND
2 1 2552 2549 2553 XOR
2 1 2434 2553 2554 XOR
2 1 1982 2553 2555 XOR
2 1 2554 2555 2556 AND
2 1 2556 2553 2557 XOR
2 1 2432 2557 2558 XOR
2 1 2120 2557 2559 XOR
2 1 2558 2559 2560 AND
2 1 2560 2557 2561 XOR
2 1 2430 2561 2562 XOR
2 1 2264 2561 2563 XOR
2 1 2562 2563 2564 AND
2 1 2564 2561 2565 XOR
2 1 2428 2565 2566 XOR
2 1 2414 2565 2567 XOR
2 1 2566 2567 2568 AND
2 1 2568 2565 2569 XOR
1 1 349 2570 INV
2 1 2569 2570 2571 XOR
1 1 346 2572 INV
2 1 2426 2569 2573 XOR
2 1 2573 2571 2574 AND
2 1 2574 2569 2575 XOR
1 1 2575 2576 INV
1 1 2576 2577 INV
2 1 2572 2577 2578 AND
1 1 2578 2579 INV
1 1 2579 2580 INV
2 1 2571 2580 2581 AND
2 1 2426 2581 2582 XOR
2 1 2567 2580 2583 AND
2 1 2428 2583 2584 XOR
2 1 2563 2580 2585 AND
2 1 2430 2585 2586 XOR
2 1 2559 2580 2587 AND
2 1 2432 2587 2588 XOR
2 1 2555 2580 2589 AND
2 1 2434 2589 2590 XOR
2 1 2551 2580 2591 AND
2 1 2436 2591 2592 XOR
2 1 2547 2580 2593 AND
2 1 2438 2593 2594 XOR
2 1 2543 2580 2595 AND
2 1 2440 2595 2596 XOR
2 1 2539 2580 2597 AND
2 1 2442 2597 2598 XOR
2 1 2535 2580 2599 AND
2 1 2444 2599 2600 XOR
2 1 2531 2580 2601 AND
2 1 2446 2601 2602 XOR
2 1 2527 2580 2603 AND
2 1 2448 2603 2604 XOR
2 1 2523 2580 2605 AND
2 1 2450 2605 2606 XOR
2 1 2519 2580 2607 AND
2 1 2452 2607 2608 XOR
2 1 2515 2580 2609 AND
2 1 2454 2609 2610 XOR
2 1 2511 2580 2611 AND
2 1 2456 2611 2612 XOR
2 1 2507 2580 2613 AND
2 1 2458 2613 2614 XOR
2 1 2503 2580 2615 AND
2 1 2460 2615 2616 XOR
2 1 2499 2580 2617 AND
2 1 2462 2617 2618 XOR
2 1 2495 2580 2619 AND
2 1 2464 2619 2620 XOR
2 1 2491 2580 2621 AND
2 1 2466 2621 2622 XOR
2 1 2487 2580 2623 AND
2 1 2468 2623 2624 XOR
2 1 2483 2580 2625 AND
2 1 2470 2625 2626 XOR
2 1 2580 2479 2627 AND
2 1 2472 2627 2628 XOR
2 1 2580 32 2629 AND
2 1 2474 2629 2630 XOR
2 1 83 31 2631 AND
2 1 2631 6 2632 XOR
1 1 2632 2633 INV
2 1 2633 32 2634 AND
1 1 2634 2635 INV
2 1 2630 2635 2636 XOR
2 1 487 2634 2637 XOR
2 1 2636 2637 2638 AND
2 1 2638 2635 2639 XOR
2 1 2628 2639 2640 XOR
2 1 524 2639 2641 XOR
2 1 2640 2641 2642 AND
2 1 2642 2639 2643 XOR
2 1 2626 2643 2644 XOR
2 1 554 2643 2645 XOR
2 1 2644 2645 2646 AND
2 1 2646 2643 2647 XOR
2 1 2624 2647 2648 XOR
2 1 590 2647 2649 XOR
2 1 2648 2649 2650 AND
2 1 2650 2647 2651 XOR
2 1 2622 2651 2652 XOR
2 1 632 2651 2653 XOR
2 1 2652 2653 2654 AND
2 1 2654 2651 2655 XOR
2 1 2620 2655 2656 XOR
2 1 680 2655 2657 XOR
2 1 2656 2657 2658 AND
2 1 2658 2655 2659 XOR
2 1 2618 2659 2660 XOR
2 1 734 2659 2661 XOR
2 1 2660 2661 2662 AND
2 1 2662 2659 2663 XOR
2 1 2616 2663 2664 XOR
2 1 794 2663 2665 XOR
2 1 2664 2665 2666 AND
2 1 2666 2663 2667 XOR
2 1 2614 2667 2668 XOR
2 1 860 2667 2669 XOR
2 1 2668 2669 2670 AND
2 1 2670 2667 2671 XOR
2 1 2612 2671 2672 XOR
2 1 932 2671 2673 XOR
2 1 2672 2673 2674 AND
2 1 2674 2671 2675 XOR
2 1 2610 2675 2676 XOR
2 1 1010 2675 2677 XOR
2 1 2676 2677 2678 AND
2 1 2678 2675 2679 XOR
2 1 2608 2679 2680 XOR
2 1 1094 2679 2681 XOR
2 1 2680 2681 2682 AND
2 1 2682 2679 2683 XOR
2 1 2606 2683 2684 XOR
2 1 1184 2683 2685 XOR
2 1 2684 2685 2686 AND
2 1 2686 2683 2687 XOR
2 1 2604 2687 2688 XOR
2 1 1280 2687 2689 XOR
2 1 2688 2689 2690 AND
2 1 2690 2687 2691 XOR
2 1 2602 2691 2692 XOR
2 1 1382 2691 2693 XOR
2 1 2692 2693 2694 AND
2 1 2694 2691 2695 XOR
2 1 2600 2695 2696 XOR
2 1 1490 2695 2697 XOR
2 1 2696 2697 2698 AND
2 1 2698 2695 2699 XOR
2 1 2598 2699 2700 XOR
2 1 1604 2699 2701 XOR
2 1 2700 2701 2702 AND
2 1 2702 2699 2703 XOR
2 1 2596 2703 2704 XOR
2 1 1724 2703 2705 XOR
2 1 2704 2705 2706 AND
2 1 2706 2703 2707 XOR
2 1 2594 2707 2708 XOR
2 1 1850 2707 2709 XOR
2 1 2708 2709 2710 AND
2 1 2710 2707 2711 XOR
2 1 2592 2711 2712 XOR
2 1 1982 2711 2713 XOR
2 1 2712 2713 2714 AND
2 1 2714 2711 2715 XOR
2 1 2590 2715 2716 XOR
2 1 2120 2715 2717 XOR
2 1 2716 2717 2718 AND
2 1 2718 2715 2719 XOR
2 1 2588 2719 2720 XOR
2 1 2264 2719 2721 XOR
2 1 2720 2721 2722 AND
2 1 2722 2719 2723 XOR
2 1 2586 2723 2724 XOR
2 1 2414 2723 2725 XOR
2 1 2724 2725 2726 AND
2 1 2726 2723 2727 XOR
2 1 2584 2727 2728 XOR
2 1 2570 2727 2729 XOR
2 1 2728 2729 2730 AND
2 1 2730 2727 2731 XOR
1 1 343 2732 INV
2 1 2731 2732 2733 XOR
1 1 340 2734 INV
2 1 2582 2731 2735 XOR
2 1 2735 2733 2736 AND
2 1 2736 2731 2737 XOR
1 1 2737 2738 INV
1 1 2738 2739 INV
2 1 2734 2739 2740 AND
1 1 2740 2741 INV
1 1 2741 2742 INV
2 1 2733 2742 2743 AND
2 1 2582 2743 2744 XOR
2 1 2729 2742 2745 AND
2 1 2584 2745 2746 XOR
2 1 2725 2742 2747 AND
2 1 2586 2747 2748 XOR
2 1 2721 2742 2749 AND
2 1 2588 2749 2750 XOR
2 1 2717 2742 2751 AND
2 1 2590 2751 2752 XOR
2 1 2713 2742 2753 AND
2 1 2592 2753 2754 XOR
2 1 2709 2742 2755 AND
2 1 2594 2755 2756 XOR
2 1 2705 2742 2757 AND
2 1 2596 2757 2758 XOR
2 1 2701 2742 2759 AND
2 1 2598 2759 2760 XOR
2 1 2697 2742 2761 AND
2 1 2600 2761 2762 XOR
2 1 2693 2742 2763 AND
2 1 2602 2763 2764 XOR
2 1 2689 2742 2765 AND
2 1 2604 2765 2766 XOR
2 1 2685 2742 2767 AND
2 1 2606 2767 2768 XOR
2 1 2681 2742 2769 AND
2 1 2608 2769 2770 XOR
2 1 2677 2742 2771 AND
2 1 2610 2771 2772 XOR
2 1 2673 2742 2773 AND
2 1 2612 2773 2774 XOR
2 1 2669 2742 2775 AND
2 1 2614 2775 2776 XOR
2 1 2665 2742 2777 AND
2 1 2616 2777 2778 XOR
2 1 2661 2742 2779 AND
2 1 2618 2779 2780 XOR
2 1 2657 2742 2781 AND
2 1 2620 2781 2782 XOR
2 1 2653 2742 2783 AND
2 1 2622 2783 2784 XOR
2 1 2649 2742 2785 AND
2 1 2624 2785 2786 XOR
2 1 2645 2742 2787 AND
2 1 2626 2787 2788 XOR
2 1 2641 2742 2789 AND
2 1 2628 2789 2790 XOR
2 1 2742 2637 2791 AND
2 1 2630 2791 2792 XOR
2 1 2742 32 2793 AND
2 1 2632 2793 2794 XOR
2 1 79 31 2795 AND
2 1 2795 5 2796 XOR
1 1 2796 2797 INV
2 1 2797 32 2798 AND
1 1 2798 2799 INV
2 1 2794 2799 2800 XOR
2 1 487 2798 2801 XOR
2 1 2800 2801 2802 AND
2 1 2802 2799 2803 XOR
2 1 2792 2803 2804 XOR
2 1 524 2803 2805 XOR
2 1 2804 2805 2806 AND
2 1 2806 2803 2807 XOR
2 1 2790 2807 2808 XOR
2 1 554 2807 2809 XOR
2 1 2808 2809 2810 AND
2 1 2810 2807 2811 XOR
2 1 2788 2811 2812 XOR
2 1 590 2811 2813 XOR
2 1 2812 2813 2814 AND
2 1 2814 2811 2815 XOR
2 1 2786 2815 2816 XOR
2 1 632 2815 2817 XOR
2 1 2816 2817 2818 AND
2 1 2818 2815 2819 XOR
2 1 2784 2819 2820 XOR
2 1 680 2819 2821 XOR
2 1 2820 2821 2822 AND
2 1 2822 2819 2823 XOR
2 1 2782 2823 2824 XOR
2 1 734 2823 2825 XOR
2 1 2824 2825 2826 AND
2 1 2826 2823 2827 XOR
2 1 2780 2827 2828 XOR
2 1 794 2827 2829 XOR
2 1 2828 2829 2830 AND
2 1 2830 2827 2831 XOR
2 1 2778 2831 2832 XOR
2 1 860 2831 2833 XOR
2 1 2832 2833 2834 AND
2 1 2834 2831 2835 XOR
2 1 2776 2835 2836 XOR
2 1 932 2835 2837 XOR
2 1 2836 2837 2838 AND
2 1 2838 2835 2839 XOR
2 1 2774 2839 2840 XOR
2 1 1010 2839 2841 XOR
2 1 2840 2841 2842 AND
2 1 2842 2839 2843 XOR
2 1 2772 2843 2844 XOR
2 1 1094 2843 2845 XOR
2 1 2844 2845 2846 AND
2 1 2846 2843 2847 XOR
2 1 2770 2847 2848 XOR
2 1 1184 2847 2849 XOR
2 1 2848 2849 2850 AND
2 1 2850 2847 2851 XOR
2 1 2768 2851 2852 XOR
2 1 1280 2851 2853 XOR
2 1 2852 2853 2854 AND
2 1 2854 2851 2855 XOR
2 1 2766 2855 2856 XOR
2 1 1382 2855 2857 XOR
2 1 2856 2857 2858 AND
2 1 2858 2855 2859 XOR
2 1 2764 2859 2860 XOR
2 1 1490 2859 2861 XOR
2 1 2860 2861 2862 AND
2 1 2862 2859 2863 XOR
2 1 2762 2863 2864 XOR
2 1 1604 2863 2865 XOR
2 1 2864 2865 2866 AND
2 1 2866 2863 2867 XOR
2 1 2760 2867 2868 XOR
2 1 1724 2867 2869 XOR
2 1 2868 2869 2870 AND
2 1 2870 2867 2871 XOR
2 1 2758 2871 2872 XOR
2 1 1850 2871 2873 XOR
2 1 2872 2873 2874 AND
2 1 2874 2871 2875 XOR
2 1 2756 2875 2876 XOR
2 1 1982 2875 2877 XOR
2 1 2876 2877 2878 AND
2 1 2878 2875 2879 XOR
2 1 2754 2879 2880 XOR
2 1 2120 2879 2881 XOR
2 1 2880 2881 2882 AND
2 1 2882 2879 2883 XOR
2 1 2752 2883 2884 XOR
2 1 2264 2883 2885 XOR
2 1 2884 2885 2886 AND
2 1 2886 2883 2887 XOR
2 1 2750 2887 2888 XOR
2 1 2414 2887 2889 XOR
2 1 2888 2889 2890 AND
2 1 2890 2887 2891 XOR
2 1 2748 2891 2892 XOR
2 1 2570 2891 2893 XOR
2 1 2892 2893 2894 AND
2 1 2894 2891 2895 XOR
2 1 2746 2895 2896 XOR
2 1 2732 2895 2897 XOR
2 1 2896 2897 2898 AND
2 1 2898 2895 2899 XOR
1 1 337 2900 INV
2 1 2899 2900 2901 XOR
1 1 334 2902 INV
2 1 2744 2899 2903 XOR
2 1 2903 2901 2904 AND
2 1 2904 2899 2905 XOR
1 1 2905 2906 INV
1 1 2906 2907 INV
2 1 2902 2907 2908 AND
1 1 2908 2909 INV
1 1 2909 2910 INV
2 1 2901 2910 2911 AND
2 1 2744 2911 2912 XOR
2 1 2897 2910 2913 AND
2 1 2746 2913 2914 XOR
2 1 2893 2910 2915 AND
2 1 2748 2915 2916 XOR
2 1 2889 2910 2917 AND
2 1 2750 2917 2918 XOR
2 1 2885 2910 2919 AND
2 1 2752 2919 2920 XOR
2 1 2881 2910 2921 AND
2 1 2754 2921 2922 XOR
2 1 2877 2910 2923 AND
2 1 2756 2923 2924 XOR
2 1 2873 2910 2925 AND
2 1 2758 2925 2926 XOR
2 1 2869 2910 2927 AND
2 1 2760 2927 2928 XOR
2 1 2865 2910 2929 AND
2 1 2762 2929 2930 XOR
2 1 2861 2910 2931 AND
2 1 2764 2931 2932 XOR
2 1 2857 2910 2933 AND
2 1 2766 2933 2934 XOR
2 1 2853 2910 2935 AND
2 1 2768 2935 2936 XOR
2 1 2849 2910 2937 AND
2 1 2770 2937 2938 XOR
2 1 2845 2910 2939 AND
2 1 2772 2939 2940 XOR
2 1 2841 2910 2941 AND
2 1 2774 2941 2942 XOR
2 1 2837 2910 2943 AND
2 1 2776 2943 2944 XOR
2 1 2833 2910 2945 AND
2 1 2778 2945 2946 XOR
2 1 2829 2910 2947 AND
2 1 2780 2947 2948 XOR
2 1 2825 2910 2949 AND
2 1 2782 2949 2950 XOR
2 1 2821 2910 2951 AND
2 1 2784 2951 2952 XOR
2 1 2817 2910 2953 AND
2 1 2786 2953 2954 XOR
2 1 2813 2910 2955 AND
2 1 2788 2955 2956 XOR
2 1 2809 2910 2957 AND
2 1 2790 2957 2958 XOR
2 1 2805 2910 2959 AND
2 1 2792 2959 2960 XOR
2 1 2910 2801 2961 AND
2 1 2794 2961 2962 XOR
2 1 2910 32 2963 AND
2 1 2796 2963 2964 XOR
2 1 75 31 2965 AND
2 1 2965 4 2966 XOR
1 1 2966 2967 INV
2 1 2967 32 2968 AND
1 1 2968 2969 INV
2 1 2964 2969 2970 XOR
2 1 487 2968 2971 XOR
2 1 2970 2971 2972 AND
2 1 2972 2969 2973 XOR
2 1 2962 2973 2974 XOR
2 1 524 2973 2975 XOR
2 1 2974 2975 2976 AND
2 1 2976 2973 2977 XOR
2 1 2960 2977 2978 XOR
2 1 554 2977 2979 XOR
2 1 2978 2979 2980 AND
2 1 2980 2977 2981 XOR
2 1 2958 2981 2982 XOR
2 1 590 2981 2983 XOR
2 1 2982 2983 2984 AND
2 1 2984 2981 2985 XOR
2 1 2956 2985 2986 XOR
2 1 632 2985 2987 XOR
2 1 2986 2987 2988 AND
2 1 2988 2985 2989 XOR
2 1 2954 2989 2990 XOR
2 1 680 2989 2991 XOR
2 1 2990 2991 2992 AND
2 1 2992 2989 2993 XOR
2 1 2952 2993 2994 XOR
2 1 734 2993 2995 XOR
2 1 2994 2995 2996 AND
2 1 2996 2993 2997 XOR
2 1 2950 2997 2998 XOR
2 1 794 2997 2999 XOR
2 1 2998 2999 3000 AND
2 1 3000 2997 3001 XOR
2 1 2948 3001 3002 XOR
2 1 860 3001 3003 XOR
2 1 3002 3003 3004 AND
2 1 3004 3001 3005 XOR
2 1 2946 3005 3006 XOR
2 1 932 3005 3007 XOR
2 1 3006 3007 3008 AND
2 1 3008 3005 3009 XOR
2 1 2944 3009 3010 XOR
2 1 1010 3009 3011 XOR
2 1 3010 3011 3012 AND
2 1 3012 3009 3013 XOR
2 1 2942 3013 3014 XOR
2 1 1094 3013 3015 XOR
2 1 3014 3015 3016 AND
2 1 3016 3013 3017 XOR
2 1 2940 3017 3018 XOR
2 1 1184 3017 3019 XOR
2 1 3018 3019 3020 AND
2 1 3020 3017 3021 XOR
2 1 2938 3021 3022 XOR
2 1 1280 3021 3023 XOR
2 1 3022 3023 3024 AND
2 1 3024 3021 3025 XOR
2 1 2936 3025 3026 XOR
2 1 1382 3025 3027 XOR
2 1 3026 3027 3028 AND
2 1 3028 3025 3029 XOR
2 1 2934 3029 3030 XOR
2 1 1490 3029 3031 XOR
2 1 3030 3031 3032 AND
2 1 3032 3029 3033 XOR
2 1 2932 3033 3034 XOR
2 1 1604 3033 3035 XOR
2 1 3034 3035 3036 AND
2 1 3036 3033 3037 XOR
2 1 2930 3037 3038 XOR
2 1 1724 3037 3039 XOR
2 1 3038 3039 3040 AND
2 1 3040 3037 3041 XOR
2 1 2928 3041 3042 XOR
2 1 1850 3041 3043 XOR
2 1 3042 3043 3044 AND
2 1 3044 3041 3045 XOR
2 1 2926 3045 3046 XOR
2 1 1982 3045 3047 XOR
2 1 3046 3047 3048 AND
2 1 3048 3045 3049 XOR
2 1 2924 3049 3050 XOR
2 1 2120 3049 3051 XOR
2 1 3050 3051 3052 AND
2 1 3052 3049 3053 XOR
2 1 2922 3053 3054 XOR
2 1 2264 3053 3055 XOR
2 1 3054 3055 3056 AND
2 1 3056 3053 3057 XOR
2 1 2920 3057 3058 XOR
2 1 2414 3057 3059 XOR
2 1 3058 3059 3060 AND
2 1 3060 3057 3061 XOR
2 1 2918 3061 3062 XOR
2 1 2570 3061 3063 XOR
2 1 3062 3063 3064 AND
2 1 3064 3061 3065 XOR
2 1 2916 3065 3066 XOR
2 1 2732 3065 3067 XOR
2 1 3066 3067 3068 AND
2 1 3068 3065 3069 XOR
2 1 2914 3069 3070 XOR
2 1 2900 3069 3071 XOR
2 1 3070 3071 3072 AND
2 1 3072 3069 3073 XOR
1 1 331 3074 INV
2 1 3073 3074 3075 XOR
1 1 328 3076 INV
2 1 2912 3073 3077 XOR
2 1 3077 3075 3078 AND
2 1 3078 3073 3079 XOR
1 1 3079 3080 INV
1 1 3080 3081 INV
2 1 3076 3081 3082 AND
1 1 3082 3083 INV
1 1 3083 3084 INV
2 1 3075 3084 3085 AND
2 1 2912 3085 3086 XOR
2 1 3071 3084 3087 AND
2 1 2914 3087 3088 XOR
2 1 3067 3084 3089 AND
2 1 2916 3089 3090 XOR
2 1 3063 3084 3091 AND
2 1 2918 3091 3092 XOR
2 1 3059 3084 3093 AND
2 1 2920 3093 3094 XOR
2 1 3055 3084 3095 AND
2 1 2922 3095 3096 XOR
2 1 3051 3084 3097 AND
2 1 2924 3097 3098 XOR
2 1 3047 3084 3099 AND
2 1 2926 3099 3100 XOR
2 1 3043 3084 3101 AND
2 1 2928 3101 3102 XOR
2 1 3039 3084 3103 AND
2 1 2930 3103 3104 XOR
2 1 3035 3084 3105 AND
2 1 2932 3105 3106 XOR
2 1 3031 3084 3107 AND
2 1 2934 3107 3108 XOR
2 1 3027 3084 3109 AND
2 1 2936 3109 3110 XOR
2 1 3023 3084 3111 AND
2 1 2938 3111 3112 XOR
2 1 3019 3084 3113 AND
2 1 2940 3113 3114 XOR
2 1 3015 3084 3115 AND
2 1 2942 3115 3116 XOR
2 1 3011 3084 3117 AND
2 1 2944 3117 3118 XOR
2 1 3007 3084 3119 AND
2 1 2946 3119 3120 XOR
2 1 3003 3084 3121 AND
2 1 2948 3121 3122 XOR
2 1 2999 3084 3123 AND
2 1 2950 3123 3124 XOR
2 1 2995 3084 3125 AND
2 1 2952 3125 3126 XOR
2 1 2991 3084 3127 AND
2 1 2954 3127 3128 XOR
2 1 2987 3084 3129 AND
2 1 2956 3129 3130 XOR
2 1 2983 3084 3131 AND
2 1 2958 3131 3132 XOR
2 1 2979 3084 3133 AND
2 1 2960 3133 3134 XOR
2 1 2975 3084 3135 AND
2 1 2962 3135 3136 XOR
2 1 3084 2971 3137 AND
2 1 2964 3137 3138 XOR
2 1 3084 32 3139 AND
2 1 2966 3139 3140 XOR
2 1 71 31 3141 AND
2 1 3141 3 3142 XOR
1 1 3142 3143 INV
2 1 3143 32 3144 AND
1 1 3144 3145 INV
2 1 3140 3145 3146 XOR
2 1 487 3144 3147 XOR
2 1 3146 3147 3148 AND
2 1 3148 3145 3149 XOR
2 1 3138 3149 3150 XOR
2 1 524 3149 3151 XOR
2 1 3150 3151 3152 AND
2 1 3152 3149 3153 XOR
2 1 3136 3153 3154 XOR
2 1 554 3153 3155 XOR
2 1 3154 3155 3156 AND
2 1 3156 3153 3157 XOR
2 1 3134 3157 3158 XOR
2 1 590 3157 3159 XOR
2 1 3158 3159 3160 AND
2 1 3160 3157 3161 XOR
2 1 3132 3161 3162 XOR
2 1 632 3161 3163 XOR
2 1 3162 3163 3164 AND
2 1 3164 3161 3165 XOR
2 1 3130 3165 3166 XOR
2 1 680 3165 3167 XOR
2 1 3166 3167 3168 AND
2 1 3168 3165 3169 XOR
2 1 3128 3169 3170 XOR
2 1 734 3169 3171 XOR
2 1 3170 3171 3172 AND
2 1 3172 3169 3173 XOR
2 1 3126 3173 3174 XOR
2 1 794 3173 3175 XOR
2 1 3174 3175 3176 AND
2 1 3176 3173 3177 XOR
2 1 3124 3177 3178 XOR
2 1 860 3177 3179 XOR
2 1 3178 3179 3180 AND
2 1 3180 3177 3181 XOR
2 1 3122 3181 3182 XOR
2 1 932 3181 3183 XOR
2 1 3182 3183 3184 AND
2 1 3184 3181 3185 XOR
2 1 3120 3185 3186 XOR
2 1 1010 3185 3187 XOR
2 1 3186 3187 3188 AND
2 1 3188 3185 3189 XOR
2 1 3118 3189 3190 XOR
2 1 1094 3189 3191 XOR
2 1 3190 3191 3192 AND
2 1 3192 3189 3193 XOR
2 1 3116 3193 3194 XOR
2 1 1184 3193 3195 XOR
2 1 3194 3195 3196 AND
2 1 3196 3193 3197 XOR
2 1 3114 3197 3198 XOR
2 1 1280 3197 3199 XOR
2 1 3198 3199 3200 AND
2 1 3200 3197 3201 XOR
2 1 3112 3201 3202 XOR
2 1 1382 3201 3203 XOR
2 1 3202 3203 3204 AND
2 1 3204 3201 3205 XOR
2 1 3110 3205 3206 XOR
2 1 1490 3205 3207 XOR
2 1 3206 3207 3208 AND
2 1 3208 3205 3209 XOR
2 1 3108 3209 3210 XOR
2 1 1604 3209 3211 XOR
2 1 3210 3211 3212 AND
2 1 3212 3209 3213 XOR
2 1 3106 3213 3214 XOR
2 1 1724 3213 3215 XOR
2 1 3214 3215 3216 AND
2 1 3216 3213 3217 XOR
2 1 3104 3217 3218 XOR
2 1 1850 3217 3219 XOR
2 1 3218 3219 3220 AND
2 1 3220 3217 3221 XOR
2 1 3102 3221 3222 XOR
2 1 1982 3221 3223 XOR
2 1 3222 3223 3224 AND
2 1 3224 3221 3225 XOR
2 1 3100 3225 3226 XOR
2 1 2120 3225 3227 XOR
2 1 3226 3227 3228 AND
2 1 3228 3225 3229 XOR
2 1 3098 3229 3230 XOR
2 1 2264 3229 3231 XOR
2 1 3230 3231 3232 AND
2 1 3232 3229 3233 XOR
2 1 3096 3233 3234 XOR
2 1 2414 3233 3235 XOR
2 1 3234 3235 3236 AND
2 1 3236 3233 3237 XOR
2 1 3094 3237 3238 XOR
2 1 2570 3237 3239 XOR
2 1 3238 3239 3240 AND
2 1 3240 3237 3241 XOR
2 1 3092 3241 3242 XOR
2 1 2732 3241 3243 XOR
2 1 3242 3243 3244 AND
2 1 3244 3241 3245 XOR
2 1 3090 3245 3246 XOR
2 1 2900 3245 3247 XOR
2 1 3246 3247 3248 AND
2 1 3248 3245 3249 XOR
2 1 3088 3249 3250 XOR
2 1 3074 3249 3251 XOR
2 1 3250 3251 3252 AND
2 1 3252 3249 3253 XOR
1 1 325 3254 INV
2 1 3253 3254 3255 XOR
1 1 322 3256 INV
2 1 3086 3253 3257 XOR
2 1 3257 3255 3258 AND
2 1 3258 3253 3259 XOR
1 1 3259 3260 INV
1 1 3260 3261 INV
2 1 3256 3261 3262 AND
1 1 3262 3263 INV
1 1 3263 3264 INV
2 1 3255 3264 3265 AND
2 1 3086 3265 3266 XOR
2 1 3251 3264 3267 AND
2 1 3088 3267 3268 XOR
2 1 3247 3264 3269 AND
2 1 3090 3269 3270 XOR
2 1 3243 3264 3271 AND
2 1 3092 3271 3272 XOR
2 1 3239 3264 3273 AND
2 1 3094 3273 3274 XOR
2 1 3235 3264 3275 AND
2 1 3096 3275 3276 XOR
2 1 3231 3264 3277 AND
2 1 3098 3277 3278 XOR
2 1 3227 3264 3279 AND
2 1 3100 3279 3280 XOR
2 1 3223 3264 3281 AND
2 1 3102 3281 3282 XOR
2 1 3219 3264 3283 AND
2 1 3104 3283 3284 XOR
2 1 3215 3264 3285 AND
2 1 3106 3285 3286 XOR
2 1 3211 3264 3287 AND
2 1 3108 3287 3288 XOR
2 1 3207 3264 3289 AND
2 1 3110 3289 3290 XOR
2 1 3203 3264 3291 AND
2 1 3112 3291 3292 XOR
2 1 3199 3264 3293 AND
2 1 3114 3293 3294 XOR
2 1 3195 3264 3295 AND
2 1 3116 3295 3296 XOR
2 1 3191 3264 3297 AND
2 1 3118 3297 3298 XOR
2 1 3187 3264 3299 AND
2 1 3120 3299 3300 XOR
2 1 3183 3264 3301 AND
2 1 3122 3301 3302 XOR
2 1 3179 3264 3303 AND
2 1 3124 3303 3304 XOR
2 1 3175 3264 3305 AND
2 1 3126 3305 3306 XOR
2 1 3171 3264 3307 AND
2 1 3128 3307 3308 XOR
2 1 3167 3264 3309 AND
2 1 3130 3309 3310 XOR
2 1 3163 3264 3311 AND
2 1 3132 3311 3312 XOR
2 1 3159 3264 3313 AND
2 1 3134 3313 3314 XOR
2 1 3155 3264 3315 AND
2 1 3136 3315 3316 XOR
2 1 3151 3264 3317 AND
2 1 3138 3317 3318 XOR
2 1 3264 3147 3319 AND
2 1 3140 3319 3320 XOR
2 1 3264 32 3321 AND
2 1 3142 3321 3322 XOR
2 1 67 31 3323 AND
2 1 3323 2 3324 XOR
1 1 3324 3325 INV
2 1 3325 32 3326 AND
1 1 3326 3327 INV
2 1 3322 3327 3328 XOR
2 1 487 3326 3329 XOR
2 1 3328 3329 3330 AND
2 1 3330 3327 3331 XOR
2 1 3320 3331 3332 XOR
2 1 524 3331 3333 XOR
2 1 3332 3333 3334 AND
2 1 3334 3331 3335 XOR
2 1 3318 3335 3336 XOR
2 1 554 3335 3337 XOR
2 1 3336 3337 3338 AND
2 1 3338 3335 3339 XOR
2 1 3316 3339 3340 XOR
2 1 590 3339 3341 XOR
2 1 3340 3341 3342 AND
2 1 3342 3339 3343 XOR
2 1 3314 3343 3344 XOR
2 1 632 3343 3345 XOR
2 1 3344 3345 3346 AND
2 1 3346 3343 3347 XOR
2 1 3312 3347 3348 XOR
2 1 680 3347 3349 XOR
2 1 3348 3349 3350 AND
2 1 3350 3347 3351 XOR
2 1 3310 3351 3352 XOR
2 1 734 3351 3353 XOR
2 1 3352 3353 3354 AND
2 1 3354 3351 3355 XOR
2 1 3308 3355 3356 XOR
2 1 794 3355 3357 XOR
2 1 3356 3357 3358 AND
2 1 3358 3355 3359 XOR
2 1 3306 3359 3360 XOR
2 1 860 3359 3361 XOR
2 1 3360 3361 3362 AND
2 1 3362 3359 3363 XOR
2 1 3304 3363 3364 XOR
2 1 932 3363 3365 XOR
2 1 3364 3365 3366 AND
2 1 3366 3363 3367 XOR
2 1 3302 3367 3368 XOR
2 1 1010 3367 3369 XOR
2 1 3368 3369 3370 AND
2 1 3370 3367 3371 XOR
2 1 3300 3371 3372 XOR
2 1 1094 3371 3373 XOR
2 1 3372 3373 3374 AND
2 1 3374 3371 3375 XOR
2 1 3298 3375 3376 XOR
2 1 1184 3375 3377 XOR
2 1 3376 3377 3378 AND
2 1 3378 3375 3379 XOR
2 1 3296 3379 3380 XOR
2 1 1280 3379 3381 XOR
2 1 3380 3381 3382 AND
2 1 3382 3379 3383 XOR
2 1 3294 3383 3384 XOR
2 1 1382 3383 3385 XOR
2 1 3384 3385 3386 AND
2 1 3386 3383 3387 XOR
2 1 3292 3387 3388 XOR
2 1 1490 3387 3389 XOR
2 1 3388 3389 3390 AND
2 1 3390 3387 3391 XOR
2 1 3290 3391 3392 XOR
2 1 1604 3391 3393 XOR
2 1 3392 3393 3394 AND
2 1 3394 3391 3395 XOR
2 1 3288 3395 3396 XOR
2 1 1724 3395 3397 XOR
2 1 3396 3397 3398 AND
2 1 3398 3395 3399 XOR
2 1 3286 3399 3400 XOR
2 1 1850 3399 3401 XOR
2 1 3400 3401 3402 AND
2 1 3402 3399 3403 XOR
2 1 3284 3403 3404 XOR
2 1 1982 3403 3405 XOR
2 1 3404 3405 3406 AND
2 1 3406 3403 3407 XOR
2 1 3282 3407 3408 XOR
2 1 2120 3407 3409 XOR
2 1 3408 3409 3410 AND
2 1 3410 3407 3411 XOR
2 1 3280 3411 3412 XOR
2 1 2264 3411 3413 XOR
2 1 3412 3413 3414 AND
2 1 3414 3411 3415 XOR
2 1 3278 3415 3416 XOR
2 1 2414 3415 3417 XOR
2 1 3416 3417 3418 AND
2 1 3418 3415 3419 XOR
2 1 3276 3419 3420 XOR
2 1 2570 3419 3421 XOR
2 1 3420 3421 3422 AND
2 1 3422 3419 3423 XOR
2 1 3274 3423 3424 XOR
2 1 2732 3423 3425 XOR
2 1 3424 3425 3426 AND
2 1 3426 3423 3427 XOR
2 1 3272 3427 3428 XOR
2 1 2900 3427 3429 XOR
2 1 3428 3429 3430 AND
2 1 3430 3427 3431 XOR
2 1 3270 3431 3432 XOR
2 1 3074 3431 3433 XOR
2 1 3432 3433 3434 AND
2 1 3434 3431 3435 XOR
2 1 3268 3435 3436 XOR
2 1 3254 3435 3437 XOR
2 1 3436 3437 3438 AND
2 1 3438 3435 3439 XOR
1 1 319 3440 INV
2 1 3439 3440 3441 XOR
1 1 316 3442 INV
2 1 3266 3439 3443 XOR
2 1 3443 3441 3444 AND
2 1 3444 3439 3445 XOR
1 1 3445 3446 INV
1 1 3446 3447 INV
2 1 3442 3447 3448 AND
1 1 3448 3449 INV
1 1 3449 3450 INV
2 1 3441 3450 3451 AND
2 1 3266 3451 3452 XOR
2 1 3437 3450 3453 AND
2 1 3268 3453 3454 XOR
2 1 3433 3450 3455 AND
2 1 3270 3455 3456 XOR
2 1 3429 3450 3457 AND
2 1 3272 3457 3458 XOR
2 1 3425 3450 3459 AND
2 1 3274 3459 3460 XOR
2 1 3421 3450 3461 AND
2 1 3276 3461 3462 XOR
2 1 3417 3450 3463 AND
2 1 3278 3463 3464 XOR
2 1 3413 3450 3465 AND
2 1 3280 3465 3466 XOR
2 1 3409 3450 3467 AND
2 1 3282 3467 3468 XOR
2 1 3405 3450 3469 AND
2 1 3284 3469 3470 XOR
2 1 3401 3450 3471 AND
2 1 3286 3471 3472 XOR
2 1 3397 3450 3473 AND
2 1 3288 3473 3474 XOR
2 1 3393 3450 3475 AND
2 1 3290 3475 3476 XOR
2 1 3389 3450 3477 AND
2 1 3292 3477 3478 XOR
2 1 3385 3450 3479 AND
2 1 3294 3479 3480 XOR
2 1 3381 3450 3481 AND
2 1 3296 3481 3482 XOR
2 1 3377 3450 3483 AND
2 1 3298 3483 3484 XOR
2 1 3373 3450 3485 AND
2 1 3300 3485 3486 XOR
2 1 3369 3450 3487 AND
2 1 3302 3487 3488 XOR
2 1 3365 3450 3489 AND
2 1 3304 3489 3490 XOR
2 1 3361 3450 3491 AND
2 1 3306 3491 3492 XOR
2 1 3357 3450 3493 AND
2 1 3308 3493 3494 XOR
2 1 3353 3450 3495 AND
2 1 3310 3495 3496 XOR
2 1 3349 3450 3497 AND
2 1 3312 3497 3498 XOR
2 1 3345 3450 3499 AND
2 1 3314 3499 3500 XOR
2 1 3341 3450 3501 AND
2 1 3316 3501 3502 XOR
2 1 3337 3450 3503 AND
2 1 3318 3503 3504 XOR
2 1 3333 3450 3505 AND
2 1 3320 3505 3506 XOR
2 1 3450 3329 3507 AND
2 1 3322 3507 3508 XOR
2 1 3450 32 3509 AND
2 1 3324 3509 3510 XOR
2 1 0 31 3511 AND
2 1 3511 1 3512 XOR
1 1 3512 3513 INV
2 1 3513 32 3514 AND
1 1 3514 3515 INV
2 1 3510 3515 3516 XOR
2 1 487 3514 3517 XOR
2 1 3516 3517 3518 AND
2 1 3518 3515 3519 XOR
2 1 3508 3519 3520 XOR
2 1 524 3519 3521 XOR
2 1 3520 3521 3522 AND
2 1 3522 3519 3523 XOR
2 1 3506 3523 3524 XOR
2 1 554 3523 3525 XOR
2 1 3524 3525 3526 AND
2 1 3526 3523 3527 XOR
2 1 3504 3527 3528 XOR
2 1 590 3527 3529 XOR
2 1 3528 3529 3530 AND
2 1 3530 3527 3531 XOR
2 1 3502 3531 3532 XOR
2 1 632 3531 3533 XOR
2 1 3532 3533 3534 AND
2 1 3534 3531 3535 XOR
2 1 3500 3535 3536 XOR
2 1 680 3535 3537 XOR
2 1 3536 3537 3538 AND
2 1 3538 3535 3539 XOR
2 1 3498 3539 3540 XOR
2 1 734 3539 3541 XOR
2 1 3540 3541 3542 AND
2 1 3542 3539 3543 XOR
2 1 3496 3543 3544 XOR
2 1 794 3543 3545 XOR
2 1 3544 3545 3546 AND
2 1 3546 3543 3547 XOR
2 1 3494 3547 3548 XOR
2 1 860 3547 3549 XOR
2 1 3548 3549 3550 AND
2 1 3550 3547 3551 XOR
2 1 3492 3551 3552 XOR
2 1 932 3551 3553 XOR
2 1 3552 3553 3554 AND
2 1 3554 3551 3555 XOR
2 1 3490 3555 3556 XOR
2 1 1010 3555 3557 XOR
2 1 3556 3557 3558 AND
2 1 3558 3555 3559 XOR
2 1 3488 3559 3560 XOR
2 1 1094 3559 3561 XOR
2 1 3560 3561 3562 AND
2 1 3562 3559 3563 XOR
2 1 3486 3563 3564 XOR
2 1 1184 3563 3565 XOR
2 1 3564 3565 3566 AND
2 1 3566 3563 3567 XOR
2 1 3484 3567 3568 XOR
2 1 1280 3567 3569 XOR
2 1 3568 3569 3570 AND
2 1 3570 3567 3571 XOR
2 1 3482 3571 3572 XOR
2 1 1382 3571 3573 XOR
2 1 3572 3573 3574 AND
2 1 3574 3571 3575 XOR
2 1 3480 3575 3576 XOR
2 1 1490 3575 3577 XOR
2 1 3576 3577 3578 AND
2 1 3578 3575 3579 XOR
2 1 3478 3579 3580 XOR
2 1 1604 3579 3581 XOR
2 1 3580 3581 3582 AND
2 1 3582 3579 3583 XOR
2 1 3476 3583 3584 XOR
2 1 1724 3583 3585 XOR
2 1 3584 3585 3586 AND
2 1 3586 3583 3587 XOR
2 1 3474 3587 3588 XOR
2 1 1850 3587 3589 XOR
2 1 3588 3589 3590 AND
2 1 3590 3587 3591 XOR
2 1 3472 3591 3592 XOR
2 1 1982 3591 3593 XOR
2 1 3592 3593 3594 AND
2 1 3594 3591 3595 XOR
2 1 3470 3595 3596 XOR
2 1 2120 3595 3597 XOR
2 1 3596 3597 3598 AND
2 1 3598 3595 3599 XOR
2 1 3468 3599 3600 XOR
2 1 2264 3599 3601 XOR
2 1 3600 3601 3602 AND
2 1 3602 3599 3603 XOR
2 1 3466 3603 3604 XOR
2 1 2414 3603 3605 XOR
2 1 3604 3605 3606 AND
2 1 3606 3603 3607 XOR
2 1 3464 3607 3608 XOR
2 1 2570 3607 3609 XOR
2 1 3608 3609 3610 AND
2 1 3610 3607 3611 XOR
2 1 3462 3611 3612 XOR
2 1 2732 3611 3613 XOR
2 1 3612 3613 3614 AND
2 1 3614 3611 3615 XOR
2 1 3460 3615 3616 XOR
2 1 2900 3615 3617 XOR
2 1 3616 3617 3618 AND
2 1 3618 3615 3619 XOR
2 1 3458 3619 3620 XOR
2 1 3074 3619 3621 XOR
2 1 3620 3621 3622 AND
2 1 3622 3619 3623 XOR
2 1 3456 3623 3624 XOR
2 1 3254 3623 3625 XOR
2 1 3624 3625 3626 AND
2 1 3626 3623 3627 XOR
2 1 3454 3627 3628 XOR
2 1 3440 3627 3629 XOR
2 1 3628 3629 3630 AND
2 1 3630 3627 3631 XOR
1 1 306 3632 INV
2 1 3631 3632 3633 XOR
2 1 3452 3631 3634 XOR
2 1 3634 3633 3635 AND
2 1 3635 3631 3636 XOR
1 1 3636 3637 INV
1 1 3637 3638 INV
1 1 313 3639 INV
2 1 3638 3639 3640 AND
1 1 3640 3641 INV
1 1 3641 3642 INV
2 1 3633 3642 3643 AND
2 1 3452 3643 3644 XOR
2 1 3629 3642 3645 AND
2 1 3454 3645 3646 XOR
2 1 3625 3642 3647 AND
2 1 3456 3647 3648 XOR
2 1 3621 3642 3649 AND
2 1 3458 3649 3650 XOR
2 1 3617 3642 3651 AND
2 1 3460 3651 3652 XOR
2 1 3613 3642 3653 AND
2 1 3462 3653 3654 XOR
2 1 3609 3642 3655 AND
2 1 3464 3655 3656 XOR
2 1 3605 3642 3657 AND
2 1 3466 3657 3658 XOR
2 1 3601 3642 3659 AND
2 1 3468 3659 3660 XOR
2 1 3597 3642 3661 AND
2 1 3470 3661 3662 XOR
2 1 3593 3642 3663 AND
2 1 3472 3663 3664 XOR
2 1 3589 3642 3665 AND
2 1 3474 3665 3666 XOR
2 1 3585 3642 3667 AND
2 1 3476 3667 3668 XOR
2 1 3581 3642 3669 AND
2 1 3478 3669 3670 XOR
2 1 3577 3642 3671 AND
2 1 3480 3671 3672 XOR
2 1 3573 3642 3673 AND
2 1 3482 3673 3674 XOR
2 1 3569 3642 3675 AND
2 1 3484 3675 3676 XOR
2 1 3565 3642 3677 AND
2 1 3486 3677 3678 XOR
2 1 3561 3642 3679 AND
2 1 3488 3679 3680 XOR
2 1 3557 3642 3681 AND
2 1 3490 3681 3682 XOR
2 1 3553 3642 3683 AND
2 1 3492 3683 3684 XOR
2 1 3549 3642 3685 AND
2 1 3494 3685 3686 XOR
2 1 3545 3642 3687 AND
2 1 3496 3687 3688 XOR
2 1 3541 3642 3689 AND
2 1 3498 3689 3690 XOR
2 1 3537 3642 3691 AND
2 1 3500 3691 3692 XOR
2 1 3533 3642 3693 AND
2 1 3502 3693 3694 XOR
2 1 3529 3642 3695 AND
2 1 3504 3695 3696 XOR
2 1 3525 3642 3697 AND
2 1 3506 3697 3698 XOR
2 1 3521 3642 3699 AND
2 1 3508 3699 3700 XOR
2 1 3642 3517 3701 AND
2 1 3510 3701 3702 XOR
2 1 3642 32 3703 AND
2 1 3512 3703 3704 XOR
1 1 0 3705 INV
2 1 3705 32 3706 AND
1 1 3706 3707 INV
2 1 3704 3707 3708 XOR
2 1 487 3706 3709 XOR
2 1 3708 3709 3710 AND
2 1 3710 3707 3711 XOR
2 1 3702 3711 3712 XOR
2 1 524 3711 3713 XOR
2 1 3712 3713 3714 AND
2 1 3714 3711 3715 XOR
2 1 3700 3715 3716 XOR
2 1 554 3715 3717 XOR
2 1 3716 3717 3718 AND
2 1 3718 3715 3719 XOR
2 1 3698 3719 3720 XOR
2 1 590 3719 3721 XOR
2 1 3720 3721 3722 AND
2 1 3722 3719 3723 XOR
2 1 3696 3723 3724 XOR
2 1 632 3723 3725 XOR
2 1 3724 3725 3726 AND
2 1 3726 3723 3727 XOR
2 1 3694 3727 3728 XOR
2 1 680 3727 3729 XOR
2 1 3728 3729 3730 AND
2 1 3730 3727 3731 XOR
2 1 3692 3731 3732 XOR
2 1 734 3731 3733 XOR
2 1 3732 3733 3734 AND
2 1 3734 3731 3735 XOR
2 1 3690 3735 3736 XOR
2 1 794 3735 3737 XOR
2 1 3736 3737 3738 AND
2 1 3738 3735 3739 XOR
2 1 3688 3739 3740 XOR
2 1 860 3739 3741 XOR
2 1 3740 3741 3742 AND
2 1 3742 3739 3743 XOR
2 1 3686 3743 3744 XOR
2 1 932 3743 3745 XOR
2 1 3744 3745 3746 AND
2 1 3746 3743 3747 XOR
2 1 3684 3747 3748 XOR
2 1 1010 3747 3749 XOR
2 1 3748 3749 3750 AND
2 1 3750 3747 3751 XOR
2 1 3682 3751 3752 XOR
2 1 1094 3751 3753 XOR
2 1 3752 3753 3754 AND
2 1 3754 3751 3755 XOR
2 1 3680 3755 3756 XOR
2 1 1184 3755 3757 XOR
2 1 3756 3757 3758 AND
2 1 3758 3755 3759 XOR
2 1 3678 3759 3760 XOR
2 1 1280 3759 3761 XOR
2 1 3760 3761 3762 AND
2 1 3762 3759 3763 XOR
2 1 3676 3763 3764 XOR
2 1 1382 3763 3765 XOR
2 1 3764 3765 3766 AND
2 1 3766 3763 3767 XOR
2 1 3674 3767 3768 XOR
2 1 1490 3767 3769 XOR
2 1 3768 3769 3770 AND
2 1 3770 3767 3771 XOR
2 1 3672 3771 3772 XOR
2 1 1604 3771 3773 XOR
2 1 3772 3773 3774 AND
2 1 3774 3771 3775 XOR
2 1 3670 3775 3776 XOR
2 1 1724 3775 3777 XOR
2 1 3776 3777 3778 AND
2 1 3778 3775 3779 XOR
2 1 3668 3779 3780 XOR
2 1 1850 3779 3781 XOR
2 1 3780 3781 3782 AND
2 1 3782 3779 3783 XOR
2 1 3666 3783 3784 XOR
2 1 1982 3783 3785 XOR
2 1 3784 3785 3786 AND
2 1 3786 3783 3787 XOR
2 1 3664 3787 3788 XOR
2 1 2120 3787 3789 XOR
2 1 3788 3789 3790 AND
2 1 3790 3787 3791 XOR
2 1 3662 3791 3792 XOR
2 1 2264 3791 3793 XOR
2 1 3792 3793 3794 AND
2 1 3794 3791 3795 XOR
2 1 3660 3795 3796 XOR
2 1 2414 3795 3797 XOR
2 1 3796 3797 3798 AND
2 1 3798 3795 3799 XOR
2 1 3658 3799 3800 XOR
2 1 2570 3799 3801 XOR
2 1 3800 3801 3802 AND
2 1 3802 3799 3803 XOR
2 1 3656 3803 3804 XOR
2 1 2732 3803 3805 XOR
2 1 3804 3805 3806 AND
2 1 3806 3803 3807 XOR
2 1 3654 3807 3808 XOR
2 1 2900 3807 3809 XOR
2 1 3808 3809 3810 AND
2 1 3810 3807 3811 XOR
2 1 3652 3811 3812 XOR
2 1 3074 3811 3813 XOR
2 1 3812 3813 3814 AND
2 1 3814 3811 3815 XOR
2 1 3650 3815 3816 XOR
2 1 3254 3815 3817 XOR
2 1 3816 3817 3818 AND
2 1 3818 3815 3819 XOR
2 1 3648 3819 3820 XOR
2 1 3440 3819 3821 XOR
2 1 3820 3821 3822 AND
2 1 3822 3819 3823 XOR
2 1 3646 3823 3824 XOR
2 1 3632 3823 3825 XOR
2 1 3824 3825 3826 AND
2 1 3826 3823 3827 XOR
2 1 3644 3827 3828 XOR
2 1 3827 313 3829 XOR
1 1 3829 3830 INV
2 1 3828 3830 3831 AND
2 1 3831 3827 3955 XOR
2 1 31 63 3832 XOR
2 1 3955 3832 3833 AND
2 1 3642 3833 3956 XOR
1 1 3955 3834 INV
2 1 3641 3834 3835 AND
2 1 3449 3835 3836 XOR
2 1 3450 3836 3837 XOR
2 1 3832 3837 3838 AND
2 1 3450 3838 3957 XOR
2 1 3449 3835 3839 AND
2 1 3263 3839 3840 XOR
2 1 3264 3840 3841 XOR
2 1 3832 3841 3842 AND
2 1 3264 3842 3958 XOR
2 1 3263 3839 3843 AND
2 1 3083 3843 3844 XOR
2 1 3084 3844 3845 XOR
2 1 3832 3845 3846 AND
2 1 3084 3846 3959 XOR
2 1 3083 3843 3847 AND
2 1 2909 3847 3848 XOR
2 1 2910 3848 3849 XOR
2 1 3832 3849 3850 AND
2 1 2910 3850 3960 XOR
2 1 2909 3847 3851 AND
2 1 2741 3851 3852 XOR
2 1 2742 3852 3853 XOR
2 1 3832 3853 3854 AND
2 1 2742 3854 3961 XOR
2 1 2741 3851 3855 AND
2 1 2579 3855 3856 XOR
2 1 2580 3856 3857 XOR
2 1 3832 3857 3858 AND
2 1 2580 3858 3962 XOR
2 1 2579 3855 3859 AND
2 1 2423 3859 3860 XOR
2 1 2424 3860 3861 XOR
2 1 3832 3861 3862 AND
2 1 2424 3862 3963 XOR
2 1 2423 3859 3863 AND
2 1 2273 3863 3864 XOR
2 1 2274 3864 3865 XOR
2 1 3832 3865 3866 AND
2 1 2274 3866 3964 XOR
2 1 2273 3863 3867 AND
2 1 2129 3867 3868 XOR
2 1 2130 3868 3869 XOR
2 1 3832 3869 3870 AND
2 1 2130 3870 3965 XOR
2 1 2129 3867 3871 AND
2 1 1991 3871 3872 XOR
2 1 1992 3872 3873 XOR
2 1 3832 3873 3874 AND
2 1 1992 3874 3966 XOR
2 1 1991 3871 3875 AND
2 1 1859 3875 3876 XOR
2 1 1860 3876 3877 XOR
2 1 3832 3877 3878 AND
2 1 1860 3878 3967 XOR
2 1 1859 3875 3879 AND
2 1 1733 3879 3880 XOR
2 1 1734 3880 3881 XOR
2 1 3832 3881 3882 AND
2 1 1734 3882 3968 XOR
2 1 1733 3879 3883 AND
2 1 1613 3883 3884 XOR
2 1 1614 3884 3885 XOR
2 1 3832 3885 3886 AND
2 1 1614 3886 3969 XOR
2 1 1613 3883 3887 AND
2 1 1499 3887 3888 XOR
2 1 1500 3888 3889 XOR
2 1 3832 3889 3890 AND
2 1 1500 3890 3970 XOR
2 1 1499 3887 3891 AND
2 1 1391 3891 3892 XOR
2 1 1392 3892 3893 XOR
2 1 3832 3893 3894 AND
2 1 1392 3894 3971 XOR
2 1 1391 3891 3895 AND
2 1 1289 3895 3896 XOR
2 1 1290 3896 3897 XOR
2 1 3832 3897 3898 AND
2 1 1290 3898 3972 XOR
2 1 1289 3895 3899 AND
2 1 1193 3899 3900 XOR
2 1 1194 3900 3901 XOR
2 1 3832 3901 3902 AND
2 1 1194 3902 3973 XOR
2 1 1193 3899 3903 AND
2 1 1103 3903 3904 XOR
2 1 1104 3904 3905 XOR
2 1 3832 3905 3906 AND
2 1 1104 3906 3974 XOR
2 1 1103 3903 3907 AND
2 1 1019 3907 3908 XOR
2 1 1020 3908 3909 XOR
2 1 3832 3909 3910 AND
2 1 1020 3910 3975 XOR
2 1 1019 3907 3911 AND
2 1 941 3911 3912 XOR
2 1 942 3912 3913 XOR
2 1 3832 3913 3914 AND
2 1 942 3914 3976 XOR
2 1 941 3911 3915 AND
2 1 869 3915 3916 XOR
2 1 870 3916 3917 XOR
2 1 3832 3917 3918 AND
2 1 870 3918 3977 XOR
2 1 869 3915 3919 AND
2 1 803 3919 3920 XOR
2 1 804 3920 3921 XOR
2 1 3832 3921 3922 AND
2 1 804 3922 3978 XOR
2 1 803 3919 3923 AND
2 1 743 3923 3924 XOR
2 1 744 3924 3925 XOR
2 1 3832 3925 3926 AND
2 1 744 3926 3979 XOR
2 1 743 3923 3927 AND
2 1 689 3927 3928 XOR
2 1 690 3928 3929 XOR
2 1 3832 3929 3930 AND
2 1 690 3930 3980 XOR
2 1 689 3927 3931 AND
2 1 641 3931 3932 XOR
2 1 642 3932 3933 XOR
2 1 3832 3933 3934 AND
2 1 642 3934 3981 XOR
2 1 641 3931 3935 AND
2 1 599 3935 3936 XOR
2 1 600 3936 3937 XOR
2 1 3832 3937 3938 AND
2 1 600 3938 3982 XOR
2 1 599 3935 3939 AND
2 1 563 3939 3940 XOR
2 1 564 3940 3941 XOR
2 1 3832 3941 3942 AND
2 1 564 3942 3983 XOR
2 1 563 3939 3943 AND
2 1 533 3943 3944 XOR
2 1 534 3944 3945 XOR
2 1 3832 3945 3946 AND
2 1 534 3946 3984 XOR
2 1 533 3943 3947 AND
2 1 509 3947 3948 XOR
2 1 510 3948 3949 XOR
2 1 3832 3949 3950 AND
2 1 510 3950 3985 XOR
2 1 509 3947 3951 AND
2 1 493 3951 3952 XOR
2 1 494 3952 3953 XOR
2 1 3832 3953 3954 AND
2 1 494 3954 3986 XOR
