75 107
16 16 8

2 1 15 31 32 XOR
1 1 32 33 INV
2 1 14 30 34 XOR
1 1 34 35 INV
2 1 33 35 36 AND
1 1 36 37 INV
1 1 37 38 INV
2 1 13 29 39 XOR
1 1 39 40 INV
2 1 12 28 41 XOR
1 1 41 42 INV
2 1 40 42 43 AND
1 1 43 44 INV
1 1 44 45 INV
2 1 38 45 46 AND
1 1 46 47 INV
1 1 47 48 INV
2 1 11 27 49 XOR
1 1 49 50 INV
2 1 10 26 51 XOR
1 1 51 52 INV
2 1 50 52 53 AND
1 1 53 54 INV
1 1 54 55 INV
2 1 9 25 56 XOR
1 1 56 57 INV
2 1 8 24 58 XOR
1 1 58 59 INV
2 1 57 59 60 AND
1 1 60 61 INV
1 1 61 62 INV
2 1 55 62 63 AND
1 1 63 64 INV
1 1 64 65 INV
2 1 48 65 66 AND
1 1 66 67 INV
1 1 67 68 INV
2 1 7 23 69 XOR
1 1 69 70 INV
2 1 6 22 71 XOR
1 1 71 72 INV
2 1 70 72 73 AND
1 1 73 74 INV
1 1 74 75 INV
2 1 5 21 76 XOR
1 1 76 77 INV
2 1 4 20 78 XOR
1 1 78 79 INV
2 1 77 79 80 AND
1 1 80 81 INV
1 1 81 82 INV
2 1 75 82 83 AND
1 1 83 84 INV
1 1 84 85 INV
2 1 3 19 86 XOR
1 1 86 87 INV
2 1 2 18 88 XOR
1 1 88 89 INV
2 1 87 89 90 AND
1 1 90 91 INV
1 1 91 92 INV
2 1 1 17 93 XOR
1 1 93 94 INV
2 1 0 16 95 XOR
1 1 95 96 INV
2 1 94 96 97 AND
1 1 97 98 INV
1 1 98 99 INV
2 1 92 99 100 AND
1 1 100 101 INV
1 1 101 102 INV
2 1 85 102 103 AND
1 1 103 104 INV
1 1 104 105 INV
2 1 68 105 106 AND

