166 230
32 32 8

2 1 31 63 64 XOR
1 1 64 65 INV
2 1 30 62 66 XOR
1 1 66 67 INV
2 1 65 67 68 AND
1 1 68 69 INV
1 1 69 70 INV
2 1 29 61 71 XOR
1 1 71 72 INV
2 1 28 60 73 XOR
1 1 73 74 INV
2 1 72 74 75 AND
1 1 75 76 INV
1 1 76 77 INV
2 1 70 77 78 AND
1 1 78 79 INV
1 1 79 80 INV
2 1 27 59 81 XOR
1 1 81 82 INV
2 1 26 58 83 XOR
1 1 83 84 INV
2 1 82 84 85 AND
1 1 85 86 INV
1 1 86 87 INV
2 1 25 57 88 XOR
1 1 88 89 INV
2 1 24 56 90 XOR
1 1 90 91 INV
2 1 89 91 92 AND
1 1 92 93 INV
1 1 93 94 INV
2 1 87 94 95 AND
1 1 95 96 INV
1 1 96 97 INV
2 1 80 97 98 AND
1 1 98 99 INV
1 1 99 100 INV
2 1 23 55 101 XOR
1 1 101 102 INV
2 1 22 54 103 XOR
1 1 103 104 INV
2 1 102 104 105 AND
1 1 105 106 INV
1 1 106 107 INV
2 1 21 53 108 XOR
1 1 108 109 INV
2 1 20 52 110 XOR
1 1 110 111 INV
2 1 109 111 112 AND
1 1 112 113 INV
1 1 113 114 INV
2 1 107 114 115 AND
1 1 115 116 INV
1 1 116 117 INV
2 1 19 51 118 XOR
1 1 118 119 INV
2 1 18 50 120 XOR
1 1 120 121 INV
2 1 119 121 122 AND
1 1 122 123 INV
1 1 123 124 INV
2 1 17 49 125 XOR
1 1 125 126 INV
2 1 16 48 127 XOR
1 1 127 128 INV
2 1 126 128 129 AND
1 1 129 130 INV
1 1 130 131 INV
2 1 124 131 132 AND
1 1 132 133 INV
1 1 133 134 INV
2 1 117 134 135 AND
1 1 135 136 INV
1 1 136 137 INV
2 1 100 137 138 AND
1 1 138 139 INV
1 1 139 140 INV
2 1 15 47 141 XOR
1 1 141 142 INV
2 1 14 46 143 XOR
1 1 143 144 INV
2 1 142 144 145 AND
1 1 145 146 INV
1 1 146 147 INV
2 1 13 45 148 XOR
1 1 148 149 INV
2 1 12 44 150 XOR
1 1 150 151 INV
2 1 149 151 152 AND
1 1 152 153 INV
1 1 153 154 INV
2 1 147 154 155 AND
1 1 155 156 INV
1 1 156 157 INV
2 1 11 43 158 XOR
1 1 158 159 INV
2 1 10 42 160 XOR
1 1 160 161 INV
2 1 159 161 162 AND
1 1 162 163 INV
1 1 163 164 INV
2 1 9 41 165 XOR
1 1 165 166 INV
2 1 8 40 167 XOR
1 1 167 168 INV
2 1 166 168 169 AND
1 1 169 170 INV
1 1 170 171 INV
2 1 164 171 172 AND
1 1 172 173 INV
1 1 173 174 INV
2 1 157 174 175 AND
1 1 175 176 INV
1 1 176 177 INV
2 1 7 39 178 XOR
1 1 178 179 INV
2 1 6 38 180 XOR
1 1 180 181 INV
2 1 179 181 182 AND
1 1 182 183 INV
1 1 183 184 INV
2 1 5 37 185 XOR
1 1 185 186 INV
2 1 4 36 187 XOR
1 1 187 188 INV
2 1 186 188 189 AND
1 1 189 190 INV
1 1 190 191 INV
2 1 184 191 192 AND
1 1 192 193 INV
1 1 193 194 INV
2 1 3 35 195 XOR
1 1 195 196 INV
2 1 2 34 197 XOR
1 1 197 198 INV
2 1 196 198 199 AND
1 1 199 200 INV
1 1 200 201 INV
2 1 1 33 202 XOR
1 1 202 203 INV
2 1 0 32 204 XOR
1 1 204 205 INV
2 1 203 205 206 AND
1 1 206 207 INV
1 1 207 208 INV
2 1 201 208 209 AND
1 1 209 210 INV
1 1 210 211 INV
2 1 194 211 212 AND
1 1 212 213 INV
1 1 213 214 INV
2 1 177 214 215 AND
1 1 215 216 INV
1 1 216 217 INV
2 1 140 217 218 AND
1 1 218 219 INV
1 1 219 222 INV
2 1 0 0 221 XOR
1 1 221 220 INV
1 1 220 223 INV
1 1 220 224 INV
1 1 220 225 INV
1 1 220 226 INV
1 1 220 227 INV
1 1 220 228 INV
1 1 220 229 INV
