326 454
64 64 8

2 1 63 127 128 XOR
1 1 128 129 INV
2 1 62 126 130 XOR
1 1 130 131 INV
2 1 129 131 132 AND
1 1 132 133 INV
1 1 133 134 INV
2 1 61 125 135 XOR
1 1 135 136 INV
2 1 60 124 137 XOR
1 1 137 138 INV
2 1 136 138 139 AND
1 1 139 140 INV
1 1 140 141 INV
2 1 134 141 142 AND
1 1 142 143 INV
1 1 143 144 INV
2 1 59 123 145 XOR
1 1 145 146 INV
2 1 58 122 147 XOR
1 1 147 148 INV
2 1 146 148 149 AND
1 1 149 150 INV
1 1 150 151 INV
2 1 57 121 152 XOR
1 1 152 153 INV
2 1 56 120 154 XOR
1 1 154 155 INV
2 1 153 155 156 AND
1 1 156 157 INV
1 1 157 158 INV
2 1 151 158 159 AND
1 1 159 160 INV
1 1 160 161 INV
2 1 144 161 162 AND
1 1 162 163 INV
1 1 163 164 INV
2 1 55 119 165 XOR
1 1 165 166 INV
2 1 54 118 167 XOR
1 1 167 168 INV
2 1 166 168 169 AND
1 1 169 170 INV
1 1 170 171 INV
2 1 53 117 172 XOR
1 1 172 173 INV
2 1 52 116 174 XOR
1 1 174 175 INV
2 1 173 175 176 AND
1 1 176 177 INV
1 1 177 178 INV
2 1 171 178 179 AND
1 1 179 180 INV
1 1 180 181 INV
2 1 51 115 182 XOR
1 1 182 183 INV
2 1 50 114 184 XOR
1 1 184 185 INV
2 1 183 185 186 AND
1 1 186 187 INV
1 1 187 188 INV
2 1 49 113 189 XOR
1 1 189 190 INV
2 1 48 112 191 XOR
1 1 191 192 INV
2 1 190 192 193 AND
1 1 193 194 INV
1 1 194 195 INV
2 1 188 195 196 AND
1 1 196 197 INV
1 1 197 198 INV
2 1 181 198 199 AND
1 1 199 200 INV
1 1 200 201 INV
2 1 164 201 202 AND
1 1 202 203 INV
1 1 203 204 INV
2 1 47 111 205 XOR
1 1 205 206 INV
2 1 46 110 207 XOR
1 1 207 208 INV
2 1 206 208 209 AND
1 1 209 210 INV
1 1 210 211 INV
2 1 45 109 212 XOR
1 1 212 213 INV
2 1 44 108 214 XOR
1 1 214 215 INV
2 1 213 215 216 AND
1 1 216 217 INV
1 1 217 218 INV
2 1 211 218 219 AND
1 1 219 220 INV
1 1 220 221 INV
2 1 43 107 222 XOR
1 1 222 223 INV
2 1 42 106 224 XOR
1 1 224 225 INV
2 1 223 225 226 AND
1 1 226 227 INV
1 1 227 228 INV
2 1 41 105 229 XOR
1 1 229 230 INV
2 1 40 104 231 XOR
1 1 231 232 INV
2 1 230 232 233 AND
1 1 233 234 INV
1 1 234 235 INV
2 1 228 235 236 AND
1 1 236 237 INV
1 1 237 238 INV
2 1 221 238 239 AND
1 1 239 240 INV
1 1 240 241 INV
2 1 39 103 242 XOR
1 1 242 243 INV
2 1 38 102 244 XOR
1 1 244 245 INV
2 1 243 245 246 AND
1 1 246 247 INV
1 1 247 248 INV
2 1 37 101 249 XOR
1 1 249 250 INV
2 1 36 100 251 XOR
1 1 251 252 INV
2 1 250 252 253 AND
1 1 253 254 INV
1 1 254 255 INV
2 1 248 255 256 AND
1 1 256 257 INV
1 1 257 258 INV
2 1 35 99 259 XOR
1 1 259 260 INV
2 1 34 98 261 XOR
1 1 261 262 INV
2 1 260 262 263 AND
1 1 263 264 INV
1 1 264 265 INV
2 1 33 97 266 XOR
1 1 266 267 INV
2 1 32 96 268 XOR
1 1 268 269 INV
2 1 267 269 270 AND
1 1 270 271 INV
1 1 271 272 INV
2 1 265 272 273 AND
1 1 273 274 INV
1 1 274 275 INV
2 1 258 275 276 AND
1 1 276 277 INV
1 1 277 278 INV
2 1 241 278 279 AND
1 1 279 280 INV
1 1 280 281 INV
2 1 204 281 282 AND
1 1 282 283 INV
1 1 283 284 INV
2 1 31 95 285 XOR
1 1 285 286 INV
2 1 30 94 287 XOR
1 1 287 288 INV
2 1 286 288 289 AND
1 1 289 290 INV
1 1 290 291 INV
2 1 29 93 292 XOR
1 1 292 293 INV
2 1 28 92 294 XOR
1 1 294 295 INV
2 1 293 295 296 AND
1 1 296 297 INV
1 1 297 298 INV
2 1 291 298 299 AND
1 1 299 300 INV
1 1 300 301 INV
2 1 27 91 302 XOR
1 1 302 303 INV
2 1 26 90 304 XOR
1 1 304 305 INV
2 1 303 305 306 AND
1 1 306 307 INV
1 1 307 308 INV
2 1 25 89 309 XOR
1 1 309 310 INV
2 1 24 88 311 XOR
1 1 311 312 INV
2 1 310 312 313 AND
1 1 313 314 INV
1 1 314 315 INV
2 1 308 315 316 AND
1 1 316 317 INV
1 1 317 318 INV
2 1 301 318 319 AND
1 1 319 320 INV
1 1 320 321 INV
2 1 23 87 322 XOR
1 1 322 323 INV
2 1 22 86 324 XOR
1 1 324 325 INV
2 1 323 325 326 AND
1 1 326 327 INV
1 1 327 328 INV
2 1 21 85 329 XOR
1 1 329 330 INV
2 1 20 84 331 XOR
1 1 331 332 INV
2 1 330 332 333 AND
1 1 333 334 INV
1 1 334 335 INV
2 1 328 335 336 AND
1 1 336 337 INV
1 1 337 338 INV
2 1 19 83 339 XOR
1 1 339 340 INV
2 1 18 82 341 XOR
1 1 341 342 INV
2 1 340 342 343 AND
1 1 343 344 INV
1 1 344 345 INV
2 1 17 81 346 XOR
1 1 346 347 INV
2 1 16 80 348 XOR
1 1 348 349 INV
2 1 347 349 350 AND
1 1 350 351 INV
1 1 351 352 INV
2 1 345 352 353 AND
1 1 353 354 INV
1 1 354 355 INV
2 1 338 355 356 AND
1 1 356 357 INV
1 1 357 358 INV
2 1 321 358 359 AND
1 1 359 360 INV
1 1 360 361 INV
2 1 15 79 362 XOR
1 1 362 363 INV
2 1 14 78 364 XOR
1 1 364 365 INV
2 1 363 365 366 AND
1 1 366 367 INV
1 1 367 368 INV
2 1 13 77 369 XOR
1 1 369 370 INV
2 1 12 76 371 XOR
1 1 371 372 INV
2 1 370 372 373 AND
1 1 373 374 INV
1 1 374 375 INV
2 1 368 375 376 AND
1 1 376 377 INV
1 1 377 378 INV
2 1 11 75 379 XOR
1 1 379 380 INV
2 1 10 74 381 XOR
1 1 381 382 INV
2 1 380 382 383 AND
1 1 383 384 INV
1 1 384 385 INV
2 1 9 73 386 XOR
1 1 386 387 INV
2 1 8 72 388 XOR
1 1 388 389 INV
2 1 387 389 390 AND
1 1 390 391 INV
1 1 391 392 INV
2 1 385 392 393 AND
1 1 393 394 INV
1 1 394 395 INV
2 1 378 395 396 AND
1 1 396 397 INV
1 1 397 398 INV
2 1 7 71 399 XOR
1 1 399 400 INV
2 1 6 70 401 XOR
1 1 401 402 INV
2 1 400 402 403 AND
1 1 403 404 INV
1 1 404 405 INV
2 1 5 69 406 XOR
1 1 406 407 INV
2 1 4 68 408 XOR
1 1 408 409 INV
2 1 407 409 410 AND
1 1 410 411 INV
1 1 411 412 INV
2 1 405 412 413 AND
1 1 413 414 INV
1 1 414 415 INV
2 1 3 67 416 XOR
1 1 416 417 INV
2 1 2 66 418 XOR
1 1 418 419 INV
2 1 417 419 420 AND
1 1 420 421 INV
1 1 421 422 INV
2 1 1 65 423 XOR
1 1 423 424 INV
2 1 0 64 425 XOR
1 1 425 426 INV
2 1 424 426 427 AND
1 1 427 428 INV
1 1 428 429 INV
2 1 422 429 430 AND
1 1 430 431 INV
1 1 431 432 INV
2 1 415 432 433 AND
1 1 433 434 INV
1 1 434 435 INV
2 1 398 435 436 AND
1 1 436 437 INV
1 1 437 438 INV
2 1 361 438 439 AND
1 1 439 440 INV
1 1 440 441 INV
2 1 284 441 442 AND
1 1 442 443 INV
1 1 443 446 INV
2 1 0 0 445 XOR
1 1 445 444 INV
1 1 444 447 INV
1 1 444 448 INV
1 1 444 449 INV
1 1 444 450 INV
1 1 444 451 INV
1 1 444 452 INV
1 1 444 453 INV
