34 50
2 8 8 
1 8
2 1 0 8 42 XOR
2 1 0 8 16 AND
2 1 16 9 17 XOR
2 1 17 1 43 XOR
2 1 16 1 18 XOR
2 1 17 18 19 AND
2 1 16 19 20 XOR
2 1 20 10 21 XOR
2 1 21 2 44 XOR
2 1 20 2 22 XOR
2 1 21 22 23 AND
2 1 20 23 24 XOR
2 1 24 11 25 XOR
2 1 25 3 45 XOR
2 1 24 3 26 XOR
2 1 25 26 27 AND
2 1 24 27 28 XOR
2 1 28 12 29 XOR
2 1 29 4 46 XOR
2 1 28 4 30 XOR
2 1 29 30 31 AND
2 1 28 31 32 XOR
2 1 32 13 33 XOR
2 1 33 5 47 XOR
2 1 32 5 34 XOR
2 1 33 34 35 AND
2 1 32 35 36 XOR
2 1 36 14 37 XOR
2 1 37 6 48 XOR
2 1 36 6 38 XOR
2 1 37 38 39 AND
2 1 36 39 40 XOR
2 1 40 15 41 XOR
2 1 41 7 49 XOR
