359 375
2 8 8 
1 8
1 1 8 16 INV
1 1 9 17 INV
2 1 16 17 18 AND
1 1 18 19 INV
1 1 19 20 INV
1 1 10 21 INV
2 1 20 21 22 AND
1 1 22 23 INV
1 1 23 24 INV
1 1 11 25 INV
2 1 24 25 26 AND
1 1 26 27 INV
1 1 27 28 INV
1 1 12 29 INV
2 1 28 29 30 AND
1 1 30 31 INV
1 1 31 32 INV
1 1 13 33 INV
2 1 32 33 34 AND
1 1 34 35 INV
1 1 35 36 INV
1 1 14 37 INV
2 1 36 37 38 AND
1 1 38 39 INV
1 1 39 40 INV
2 1 40 15 41 AND
2 1 35 15 42 AND
2 1 42 14 43 XOR
1 1 43 44 INV
2 1 31 15 45 AND
2 1 45 13 46 XOR
1 1 46 47 INV
2 1 27 15 48 AND
2 1 48 12 49 XOR
1 1 49 50 INV
2 1 23 15 51 AND
2 1 51 11 52 XOR
1 1 52 53 INV
2 1 19 15 54 AND
2 1 54 10 55 XOR
1 1 55 56 INV
2 1 8 15 57 AND
2 1 57 9 58 XOR
1 1 58 59 INV
1 1 0 60 INV
1 1 1 61 INV
2 1 60 61 62 AND
1 1 62 63 INV
1 1 63 64 INV
1 1 2 65 INV
2 1 64 65 66 AND
1 1 66 67 INV
1 1 67 68 INV
1 1 3 69 INV
2 1 68 69 70 AND
1 1 70 71 INV
1 1 71 72 INV
1 1 4 73 INV
2 1 72 73 74 AND
1 1 74 75 INV
1 1 75 76 INV
1 1 5 77 INV
2 1 76 77 78 AND
1 1 78 79 INV
1 1 79 80 INV
1 1 6 81 INV
2 1 80 81 82 AND
1 1 82 83 INV
1 1 83 84 INV
2 1 84 7 85 AND
1 1 85 86 INV
2 1 86 8 87 AND
1 1 87 88 INV
2 1 59 88 89 AND
1 1 89 90 INV
1 1 90 91 INV
2 1 56 91 92 AND
1 1 92 93 INV
1 1 93 94 INV
2 1 53 94 95 AND
1 1 95 96 INV
1 1 96 97 INV
2 1 50 97 98 AND
1 1 98 99 INV
1 1 99 100 INV
2 1 47 100 101 AND
1 1 101 102 INV
1 1 102 103 INV
2 1 44 103 104 AND
1 1 104 105 INV
2 1 41 105 106 XOR
1 1 106 107 INV
2 1 107 8 108 AND
2 1 108 85 109 XOR
1 1 43 110 INV
1 1 46 111 INV
1 1 49 112 INV
1 1 52 113 INV
1 1 55 114 INV
2 1 79 7 115 AND
2 1 115 6 116 XOR
1 1 116 117 INV
2 1 117 8 118 AND
1 1 118 119 INV
2 1 109 119 120 XOR
2 1 58 118 121 XOR
2 1 120 121 122 AND
2 1 122 119 123 XOR
2 1 114 123 124 AND
2 1 113 124 125 AND
2 1 112 125 126 AND
2 1 111 126 127 AND
2 1 110 127 128 AND
2 1 41 128 129 XOR
2 1 129 121 130 AND
2 1 109 130 131 XOR
2 1 129 8 132 AND
2 1 116 132 133 XOR
2 1 75 7 134 AND
2 1 134 5 135 XOR
1 1 135 136 INV
2 1 136 8 137 AND
1 1 137 138 INV
2 1 133 138 139 XOR
2 1 58 137 140 XOR
2 1 139 140 141 AND
2 1 141 138 142 XOR
2 1 114 142 143 XOR
2 1 131 142 144 XOR
2 1 144 143 145 AND
2 1 145 142 146 XOR
2 1 113 146 147 AND
2 1 112 147 148 AND
2 1 111 148 149 AND
2 1 110 149 150 AND
2 1 41 150 151 XOR
2 1 143 151 152 AND
2 1 131 152 153 XOR
2 1 140 151 154 AND
2 1 133 154 155 XOR
2 1 151 8 156 AND
2 1 135 156 157 XOR
2 1 71 7 158 AND
2 1 158 4 159 XOR
1 1 159 160 INV
2 1 160 8 161 AND
1 1 161 162 INV
2 1 157 162 163 XOR
2 1 58 161 164 XOR
2 1 163 164 165 AND
2 1 165 162 166 XOR
2 1 155 166 167 XOR
2 1 114 166 168 XOR
2 1 167 168 169 AND
2 1 169 166 170 XOR
2 1 113 170 171 XOR
2 1 153 170 172 XOR
2 1 172 171 173 AND
2 1 173 170 174 XOR
2 1 112 174 175 AND
2 1 111 175 176 AND
2 1 110 176 177 AND
2 1 41 177 178 XOR
2 1 171 178 179 AND
2 1 153 179 180 XOR
2 1 168 178 181 AND
2 1 155 181 182 XOR
2 1 164 178 183 AND
2 1 157 183 184 XOR
2 1 178 8 185 AND
2 1 159 185 186 XOR
2 1 67 7 187 AND
2 1 187 3 188 XOR
1 1 188 189 INV
2 1 189 8 190 AND
1 1 190 191 INV
2 1 186 191 192 XOR
2 1 58 190 193 XOR
2 1 192 193 194 AND
2 1 194 191 195 XOR
2 1 184 195 196 XOR
2 1 114 195 197 XOR
2 1 196 197 198 AND
2 1 198 195 199 XOR
2 1 182 199 200 XOR
2 1 113 199 201 XOR
2 1 200 201 202 AND
2 1 202 199 203 XOR
2 1 112 203 204 XOR
2 1 180 203 205 XOR
2 1 205 204 206 AND
2 1 206 203 207 XOR
2 1 111 207 208 AND
2 1 110 208 209 AND
2 1 41 209 210 XOR
2 1 204 210 211 AND
2 1 180 211 212 XOR
2 1 201 210 213 AND
2 1 182 213 214 XOR
2 1 197 210 215 AND
2 1 184 215 216 XOR
2 1 193 210 217 AND
2 1 186 217 218 XOR
2 1 210 8 219 AND
2 1 188 219 220 XOR
2 1 63 7 221 AND
2 1 221 2 222 XOR
1 1 222 223 INV
2 1 223 8 224 AND
1 1 224 225 INV
2 1 220 225 226 XOR
2 1 58 224 227 XOR
2 1 226 227 228 AND
2 1 228 225 229 XOR
2 1 218 229 230 XOR
2 1 114 229 231 XOR
2 1 230 231 232 AND
2 1 232 229 233 XOR
2 1 216 233 234 XOR
2 1 113 233 235 XOR
2 1 234 235 236 AND
2 1 236 233 237 XOR
2 1 214 237 238 XOR
2 1 112 237 239 XOR
2 1 238 239 240 AND
2 1 240 237 241 XOR
2 1 111 241 242 XOR
2 1 212 241 243 XOR
2 1 243 242 244 AND
2 1 244 241 245 XOR
2 1 110 245 246 AND
2 1 41 246 247 XOR
2 1 242 247 248 AND
2 1 212 248 249 XOR
2 1 239 247 250 AND
2 1 214 250 251 XOR
2 1 235 247 252 AND
2 1 216 252 253 XOR
2 1 231 247 254 AND
2 1 218 254 255 XOR
2 1 227 247 256 AND
2 1 220 256 257 XOR
2 1 247 8 258 AND
2 1 222 258 259 XOR
2 1 0 7 260 AND
2 1 260 1 261 XOR
1 1 261 262 INV
2 1 262 8 263 AND
1 1 263 264 INV
2 1 259 264 265 XOR
2 1 58 263 266 XOR
2 1 265 266 267 AND
2 1 267 264 268 XOR
2 1 257 268 269 XOR
2 1 114 268 270 XOR
2 1 269 270 271 AND
2 1 271 268 272 XOR
2 1 255 272 273 XOR
2 1 113 272 274 XOR
2 1 273 274 275 AND
2 1 275 272 276 XOR
2 1 253 276 277 XOR
2 1 112 276 278 XOR
2 1 277 278 279 AND
2 1 279 276 280 XOR
2 1 251 280 281 XOR
2 1 111 280 282 XOR
2 1 281 282 283 AND
2 1 283 280 284 XOR
2 1 110 284 285 XOR
2 1 249 284 286 XOR
2 1 286 285 287 AND
2 1 287 284 288 XOR
2 1 288 41 289 XOR
2 1 285 289 290 AND
2 1 249 290 291 XOR
2 1 282 289 292 AND
2 1 251 292 293 XOR
2 1 278 289 294 AND
2 1 253 294 295 XOR
2 1 274 289 296 AND
2 1 255 296 297 XOR
2 1 270 289 298 AND
2 1 257 298 299 XOR
2 1 266 289 300 AND
2 1 259 300 301 XOR
2 1 289 8 302 AND
2 1 261 302 303 XOR
1 1 0 304 INV
2 1 304 8 305 AND
1 1 305 306 INV
2 1 303 306 307 XOR
2 1 58 305 308 XOR
2 1 307 308 309 AND
2 1 309 306 310 XOR
2 1 301 310 311 XOR
2 1 114 310 312 XOR
2 1 311 312 313 AND
2 1 313 310 314 XOR
2 1 299 314 315 XOR
2 1 113 314 316 XOR
2 1 315 316 317 AND
2 1 317 314 318 XOR
2 1 297 318 319 XOR
2 1 112 318 320 XOR
2 1 319 320 321 AND
2 1 321 318 322 XOR
2 1 295 322 323 XOR
2 1 111 322 324 XOR
2 1 323 324 325 AND
2 1 325 322 326 XOR
2 1 293 326 327 XOR
2 1 110 326 328 XOR
2 1 327 328 329 AND
2 1 329 326 330 XOR
2 1 291 330 331 XOR
2 1 330 41 332 XOR
1 1 332 333 INV
2 1 331 333 334 AND
2 1 334 330 367 XOR
2 1 7 15 335 XOR
2 1 367 335 336 AND
2 1 336 289 368 XOR
1 1 367 337 INV
1 1 289 338 INV
2 1 337 338 339 AND
1 1 339 340 INV
2 1 335 340 341 AND
2 1 341 247 369 XOR
1 1 247 342 INV
1 1 340 343 INV
2 1 342 343 344 AND
1 1 344 345 INV
2 1 335 345 346 AND
2 1 346 210 370 XOR
1 1 210 347 INV
1 1 345 348 INV
2 1 347 348 349 AND
1 1 349 350 INV
2 1 335 350 351 AND
2 1 351 178 371 XOR
1 1 178 352 INV
1 1 350 353 INV
2 1 352 353 354 AND
1 1 354 355 INV
2 1 335 355 356 AND
2 1 356 151 372 XOR
1 1 151 357 INV
1 1 355 358 INV
2 1 357 358 359 AND
1 1 359 360 INV
2 1 335 360 361 AND
2 1 129 361 373 XOR
1 1 129 362 INV
1 1 360 363 INV
2 1 362 363 364 AND
1 1 364 365 INV
2 1 335 365 366 AND
2 1 366 107 374 XOR
