95 159
2 32 32 
1 1
2 1 0 32 64 XOR 
2 1 1 33 65 XOR 
2 1 2 34 66 XOR 
2 1 3 35 67 XOR 
2 1 4 36 68 XOR 
2 1 5 37 69 XOR 
2 1 6 38 70 XOR 
2 1 7 39 71 XOR
2 1 8 40 72 XOR 
2 1 9 41 73 XOR 
2 1 10 42 74 XOR 
2 1 11 43 75 XOR 
2 1 12 44 76 XOR 
2 1 13 45 77 XOR 
2 1 14 46 78 XOR 
2 1 15 47 79 XOR
2 1 16 48 80 XOR 
2 1 17 49 81 XOR 
2 1 18 50 82 XOR 
2 1 19 51 83 XOR 
2 1 20 52 84 XOR 
2 1 21 53 85 XOR 
2 1 22 54 86 XOR 
2 1 23 55 87 XOR
2 1 24 56 88 XOR 
2 1 25 57 89 XOR 
2 1 26 58 90 XOR 
2 1 27 59 91 XOR 
2 1 28 60 92 XOR 
2 1 29 61 93 XOR 
2 1 30 62 94 XOR 
2 1 31 63 95 XOR
1 1 64 96 INV  
1 1 65 97 INV  
1 1 66 98 INV  
1 1 67 99 INV  
1 1 68 100 INV  
1 1 69 101 INV  
1 1 70 102 INV  
1 1 71 103 INV  
1 1 72 104 INV  
1 1 73 105 INV  
1 1 74 106 INV  
1 1 75 107 INV  
1 1 76 108 INV  
1 1 77 109 INV  
1 1 78 110 INV  
1 1 79 111 INV  
1 1 80 112 INV  
1 1 81 113 INV  
1 1 82 114 INV  
1 1 83 115 INV  
1 1 84 116 INV  
1 1 85 117 INV  
1 1 86 118 INV  
1 1 87 119 INV  
1 1 88 120 INV  
1 1 89 121 INV  
1 1 90 122 INV  
1 1 91 123 INV  
1 1 92 124 INV  
1 1 93 125 INV  
1 1 94 126 INV  
1 1 95 127 INV 
2 1 96 97 128 AND 
2 1 98 99 129 AND 
2 1 100 101 130 AND 
2 1 102 103 131 AND 
2 1 104 105 132 AND 
2 1 106 107 133 AND 
2 1 108 109 134 AND 
2 1 110 111 135 AND 
2 1 112 113 136 AND 
2 1 114 115 137 AND 
2 1 116 117 138 AND 
2 1 118 119 139 AND 
2 1 120 121 140 AND 
2 1 122 123 141 AND
2 1 124 125 142 AND 
2 1 126 127 143 AND 
2 1 128 129 144 AND 
2 1 130 131 145 AND 
2 1 132 133 146 AND 
2 1 134 135 147 AND 
2 1 136 137 148 AND 
2 1 138 139 149 AND 
2 1 140 141 150 AND 
2 1 142 143 151 AND 
2 1 144 145 152 AND 
2 1 146 147 153 AND 
2 1 148 149 154 AND 
2 1 150 151 155 AND 
2 1 152 153 156 AND
2 1 154 155 157 AND 
2 1 156 157 158 AND 

