47 79
2 16 16 
1 1
2 1 0 16 32 XOR 
2 1 1 17 33 XOR 
2 1 2 18 34 XOR 
2 1 3 19 35 XOR 
2 1 4 20 36 XOR 
2 1 5 21 37 XOR 
2 1 6 22 38 XOR 
2 1 7 23 39 XOR
2 1 8 24 40 XOR 
2 1 9 25 41 XOR 
2 1 10 26 42 XOR 
2 1 11 27 43 XOR 
2 1 12 28 44 XOR 
2 1 13 29 45 XOR 
2 1 14 30 46 XOR 
2 1 15 31 47 XOR
1 1 32 48 INV  
1 1 33 49 INV  
1 1 34 50 INV  
1 1 35 51 INV  
1 1 36 52 INV  
1 1 37 53 INV  
1 1 38 54 INV  
1 1 39 55 INV  
1 1 40 56 INV  
1 1 41 57 INV  
1 1 42 58 INV  
1 1 43 59 INV  
1 1 44 60 INV  
1 1 45 61 INV  
1 1 46 62 INV  
1 1 47 63 INV  
2 1 48 49 64 AND 
2 1 50 51 65 AND 
2 1 52 53 66 AND 
2 1 54 55 67 AND 
2 1 56 57 68 AND 
2 1 58 59 69 AND 
2 1 60 61 70 AND 
2 1 62 63 71 AND 
2 1 64 65 72 AND 
2 1 66 67 73 AND 
2 1 68 69 74 AND 
2 1 70 71 75 AND 
2 1 72 73 76 AND 
2 1 74 75 77 AND
2 1 76 77 78 AND 
