80 112
2 16 16 
1 1
2 1 15 31 32 XOR
1 1 16 33 INV
2 1 33 0 34 AND
1 1 34 35 INV
2 1 35 17 36 XOR
2 1 34 1 37 XOR
2 1 36 37 38 AND
2 1 38 35 39 XOR
2 1 39 18 40 XOR
2 1 39 2 41 XOR
1 1 41 42 INV
2 1 40 42 43 AND
2 1 43 39 44 XOR
2 1 44 19 45 XOR
2 1 44 3 46 XOR
1 1 46 47 INV
2 1 45 47 48 AND
2 1 48 44 49 XOR
2 1 49 20 50 XOR
2 1 49 4 51 XOR
1 1 51 52 INV
2 1 50 52 53 AND
2 1 53 49 54 XOR
2 1 54 21 55 XOR
2 1 54 5 56 XOR
1 1 56 57 INV
2 1 55 57 58 AND
2 1 58 54 59 XOR
2 1 59 22 60 XOR
2 1 59 6 61 XOR
1 1 61 62 INV
2 1 60 62 63 AND
2 1 63 59 64 XOR
2 1 64 23 65 XOR
2 1 64 7 66 XOR
1 1 66 67 INV
2 1 65 67 68 AND
2 1 68 64 69 XOR
2 1 69 24 70 XOR
2 1 69 8 71 XOR
1 1 71 72 INV
2 1 70 72 73 AND
2 1 73 69 74 XOR
2 1 74 25 75 XOR
2 1 74 9 76 XOR
1 1 76 77 INV
2 1 75 77 78 AND
2 1 78 74 79 XOR
2 1 79 26 80 XOR
2 1 79 10 81 XOR
1 1 81 82 INV
2 1 80 82 83 AND
2 1 83 79 84 XOR
2 1 84 27 85 XOR
2 1 84 11 86 XOR
1 1 86 87 INV
2 1 85 87 88 AND
2 1 88 84 89 XOR
2 1 89 28 90 XOR
2 1 89 12 91 XOR
1 1 91 92 INV
2 1 90 92 93 AND
2 1 93 89 94 XOR
2 1 94 29 95 XOR
2 1 94 13 96 XOR
1 1 96 97 INV
2 1 95 97 98 AND
2 1 98 94 99 XOR
2 1 99 30 100 XOR
2 1 99 14 101 XOR
1 1 101 102 INV
2 1 100 102 103 AND
2 1 103 99 104 XOR
2 1 104 31 105 XOR
2 1 104 15 106 XOR
1 1 106 107 INV
2 1 105 107 108 AND
2 1 108 104 109 XOR
2 1 32 109 110 XOR
1 1 110 111 INV