160 224
2 32 32 
1 1
2 1 31 63 64 XOR
1 1 0 65 INV
2 1 65 32 66 AND
1 1 66 67 INV
2 1 67 1 68 XOR
2 1 66 33 69 XOR
2 1 68 69 70 AND
2 1 70 67 71 XOR
2 1 71 2 72 XOR
2 1 71 34 73 XOR
1 1 73 74 INV
2 1 72 74 75 AND
2 1 75 71 76 XOR
2 1 76 3 77 XOR
2 1 76 35 78 XOR
1 1 78 79 INV
2 1 77 79 80 AND
2 1 80 76 81 XOR
2 1 81 4 82 XOR
2 1 81 36 83 XOR
1 1 83 84 INV
2 1 82 84 85 AND
2 1 85 81 86 XOR
2 1 86 5 87 XOR
2 1 86 37 88 XOR
1 1 88 89 INV
2 1 87 89 90 AND
2 1 90 86 91 XOR
2 1 91 6 92 XOR
2 1 91 38 93 XOR
1 1 93 94 INV
2 1 92 94 95 AND
2 1 95 91 96 XOR
2 1 96 7 97 XOR
2 1 96 39 98 XOR
1 1 98 99 INV
2 1 97 99 100 AND
2 1 100 96 101 XOR
2 1 101 8 102 XOR
2 1 101 40 103 XOR
1 1 103 104 INV
2 1 102 104 105 AND
2 1 105 101 106 XOR
2 1 106 9 107 XOR
2 1 106 41 108 XOR
1 1 108 109 INV
2 1 107 109 110 AND
2 1 110 106 111 XOR
2 1 111 10 112 XOR
2 1 111 42 113 XOR
1 1 113 114 INV
2 1 112 114 115 AND
2 1 115 111 116 XOR
2 1 116 11 117 XOR
2 1 116 43 118 XOR
1 1 118 119 INV
2 1 117 119 120 AND
2 1 120 116 121 XOR
2 1 121 12 122 XOR
2 1 121 44 123 XOR
1 1 123 124 INV
2 1 122 124 125 AND
2 1 125 121 126 XOR
2 1 126 13 127 XOR
2 1 126 45 128 XOR
1 1 128 129 INV
2 1 127 129 130 AND
2 1 130 126 131 XOR
2 1 131 14 132 XOR
2 1 131 46 133 XOR
1 1 133 134 INV
2 1 132 134 135 AND
2 1 135 131 136 XOR
2 1 136 15 137 XOR
2 1 136 47 138 XOR
1 1 138 139 INV
2 1 137 139 140 AND
2 1 140 136 141 XOR
2 1 141 16 142 XOR
2 1 141 48 143 XOR
1 1 143 144 INV
2 1 142 144 145 AND
2 1 145 141 146 XOR
2 1 146 17 147 XOR
2 1 146 49 148 XOR
1 1 148 149 INV
2 1 147 149 150 AND
2 1 150 146 151 XOR
2 1 151 18 152 XOR
2 1 151 50 153 XOR
1 1 153 154 INV
2 1 152 154 155 AND
2 1 155 151 156 XOR
2 1 156 19 157 XOR
2 1 156 51 158 XOR
1 1 158 159 INV
2 1 157 159 160 AND
2 1 160 156 161 XOR
2 1 161 20 162 XOR
2 1 161 52 163 XOR
1 1 163 164 INV
2 1 162 164 165 AND
2 1 165 161 166 XOR
2 1 166 21 167 XOR
2 1 166 53 168 XOR
1 1 168 169 INV
2 1 167 169 170 AND
2 1 170 166 171 XOR
2 1 171 22 172 XOR
2 1 171 54 173 XOR
1 1 173 174 INV
2 1 172 174 175 AND
2 1 175 171 176 XOR
2 1 176 23 177 XOR
2 1 176 55 178 XOR
1 1 178 179 INV
2 1 177 179 180 AND
2 1 180 176 181 XOR
2 1 181 24 182 XOR
2 1 181 56 183 XOR
1 1 183 184 INV
2 1 182 184 185 AND
2 1 185 181 186 XOR
2 1 186 25 187 XOR
2 1 186 57 188 XOR
1 1 188 189 INV
2 1 187 189 190 AND
2 1 190 186 191 XOR
2 1 191 26 192 XOR
2 1 191 58 193 XOR
1 1 193 194 INV
2 1 192 194 195 AND
2 1 195 191 196 XOR
2 1 196 27 197 XOR
2 1 196 59 198 XOR
1 1 198 199 INV
2 1 197 199 200 AND
2 1 200 196 201 XOR
2 1 201 28 202 XOR
2 1 201 60 203 XOR
1 1 203 204 INV
2 1 202 204 205 AND
2 1 205 201 206 XOR
2 1 206 29 207 XOR
2 1 206 61 208 XOR
1 1 208 209 INV
2 1 207 209 210 AND
2 1 210 206 211 XOR
2 1 211 30 212 XOR
2 1 211 62 213 XOR
1 1 213 214 INV
2 1 212 214 215 AND
2 1 215 211 216 XOR
2 1 216 31 217 XOR
2 1 216 63 218 XOR
1 1 218 219 INV
2 1 217 219 220 AND
2 1 220 216 221 XOR
2 1 64 221 222 XOR
1 1 222 223 INV

