40 56
2 8 8 
1 1
2 1 7 15 16 XOR
1 1 0 17 INV
2 1 17 8 18 AND
1 1 18 19 INV
2 1 19 1 20 XOR
2 1 18 9 21 XOR
2 1 20 21 22 AND
2 1 22 19 23 XOR
2 1 23 2 24 XOR
2 1 23 10 25 XOR
1 1 25 26 INV
2 1 24 26 27 AND
2 1 27 23 28 XOR
2 1 28 3 29 XOR
2 1 28 11 30 XOR
1 1 30 31 INV
2 1 29 31 32 AND
2 1 32 28 33 XOR
2 1 33 4 34 XOR
2 1 33 12 35 XOR
1 1 35 36 INV
2 1 34 36 37 AND
2 1 37 33 38 XOR
2 1 38 5 39 XOR
2 1 38 13 40 XOR
1 1 40 41 INV
2 1 39 41 42 AND
2 1 42 38 43 XOR
2 1 43 6 44 XOR
2 1 43 14 45 XOR
1 1 45 46 INV
2 1 44 46 47 AND
2 1 47 43 48 XOR
2 1 48 7 49 XOR
2 1 48 15 50 XOR
1 1 50 51 INV
2 1 49 51 52 AND
2 1 52 48 53 XOR
2 1 16 53 54 XOR
1 1 54 55 INV

