648 680
2 16 16 
1 16
2 1 0 16 664 AND
2 1 0 17 32 AND
2 1 1 16 33 AND
2 1 32 33 665 XOR
2 1 0 18 34 AND
2 1 1 17 35 AND
2 1 32 33 36 AND
2 1 35 36 37 XOR
2 1 34 37 38 XOR
2 1 2 16 39 AND
2 1 38 39 666 XOR
2 1 0 19 40 AND
2 1 1 18 41 AND
2 1 34 36 42 XOR
2 1 37 42 43 AND
2 1 36 43 44 XOR
2 1 41 44 45 XOR
2 1 40 45 46 XOR
2 1 2 17 47 AND
2 1 38 39 48 AND
2 1 47 48 49 XOR
2 1 46 49 50 XOR
2 1 3 16 51 AND
2 1 50 51 667 XOR
2 1 0 20 52 AND
2 1 1 19 53 AND
2 1 40 44 54 XOR
2 1 45 54 55 AND
2 1 44 55 56 XOR
2 1 53 56 57 XOR
2 1 52 57 58 XOR
2 1 2 18 59 AND
2 1 46 48 60 XOR
2 1 49 60 61 AND
2 1 48 61 62 XOR
2 1 59 62 63 XOR
2 1 58 63 64 XOR
2 1 3 17 65 AND
2 1 50 51 66 AND
2 1 65 66 67 XOR
2 1 64 67 68 XOR
2 1 4 16 69 AND
2 1 68 69 668 XOR
2 1 0 21 70 AND
2 1 1 20 71 AND
2 1 52 56 72 XOR
2 1 57 72 73 AND
2 1 56 73 74 XOR
2 1 71 74 75 XOR
2 1 70 75 76 XOR
2 1 2 19 77 AND
2 1 58 62 78 XOR
2 1 63 78 79 AND
2 1 62 79 80 XOR
2 1 77 80 81 XOR
2 1 76 81 82 XOR
2 1 3 18 83 AND
2 1 64 66 84 XOR
2 1 67 84 85 AND
2 1 66 85 86 XOR
2 1 83 86 87 XOR
2 1 82 87 88 XOR
2 1 4 17 89 AND
2 1 68 69 90 AND
2 1 89 90 91 XOR
2 1 88 91 92 XOR
2 1 5 16 93 AND
2 1 92 93 669 XOR
2 1 0 22 94 AND
2 1 1 21 95 AND
2 1 70 74 96 XOR
2 1 75 96 97 AND
2 1 74 97 98 XOR
2 1 95 98 99 XOR
2 1 94 99 100 XOR
2 1 2 20 101 AND
2 1 76 80 102 XOR
2 1 81 102 103 AND
2 1 80 103 104 XOR
2 1 101 104 105 XOR
2 1 100 105 106 XOR
2 1 3 19 107 AND
2 1 82 86 108 XOR
2 1 87 108 109 AND
2 1 86 109 110 XOR
2 1 107 110 111 XOR
2 1 106 111 112 XOR
2 1 4 18 113 AND
2 1 88 90 114 XOR
2 1 91 114 115 AND
2 1 90 115 116 XOR
2 1 113 116 117 XOR
2 1 112 117 118 XOR
2 1 5 17 119 AND
2 1 92 93 120 AND
2 1 119 120 121 XOR
2 1 118 121 122 XOR
2 1 6 16 123 AND
2 1 122 123 670 XOR
2 1 0 23 124 AND
2 1 1 22 125 AND
2 1 94 98 126 XOR
2 1 99 126 127 AND
2 1 98 127 128 XOR
2 1 125 128 129 XOR
2 1 124 129 130 XOR
2 1 2 21 131 AND
2 1 100 104 132 XOR
2 1 105 132 133 AND
2 1 104 133 134 XOR
2 1 131 134 135 XOR
2 1 130 135 136 XOR
2 1 3 20 137 AND
2 1 106 110 138 XOR
2 1 111 138 139 AND
2 1 110 139 140 XOR
2 1 137 140 141 XOR
2 1 136 141 142 XOR
2 1 4 19 143 AND
2 1 112 116 144 XOR
2 1 117 144 145 AND
2 1 116 145 146 XOR
2 1 143 146 147 XOR
2 1 142 147 148 XOR
2 1 5 18 149 AND
2 1 118 120 150 XOR
2 1 121 150 151 AND
2 1 120 151 152 XOR
2 1 149 152 153 XOR
2 1 148 153 154 XOR
2 1 6 17 155 AND
2 1 122 123 156 AND
2 1 155 156 157 XOR
2 1 154 157 158 XOR
2 1 7 16 159 AND
2 1 158 159 671 XOR
2 1 0 24 160 AND
2 1 1 23 161 AND
2 1 124 128 162 XOR
2 1 129 162 163 AND
2 1 128 163 164 XOR
2 1 161 164 165 XOR
2 1 160 165 166 XOR
2 1 2 22 167 AND
2 1 130 134 168 XOR
2 1 135 168 169 AND
2 1 134 169 170 XOR
2 1 167 170 171 XOR
2 1 166 171 172 XOR
2 1 3 21 173 AND
2 1 136 140 174 XOR
2 1 141 174 175 AND
2 1 140 175 176 XOR
2 1 173 176 177 XOR
2 1 172 177 178 XOR
2 1 4 20 179 AND
2 1 142 146 180 XOR
2 1 147 180 181 AND
2 1 146 181 182 XOR
2 1 179 182 183 XOR
2 1 178 183 184 XOR
2 1 5 19 185 AND
2 1 148 152 186 XOR
2 1 153 186 187 AND
2 1 152 187 188 XOR
2 1 185 188 189 XOR
2 1 184 189 190 XOR
2 1 6 18 191 AND
2 1 154 156 192 XOR
2 1 157 192 193 AND
2 1 156 193 194 XOR
2 1 191 194 195 XOR
2 1 190 195 196 XOR
2 1 7 17 197 AND
2 1 158 159 198 AND
2 1 197 198 199 XOR
2 1 196 199 200 XOR
2 1 8 16 201 AND
2 1 200 201 672 XOR
2 1 0 25 202 AND
2 1 1 24 203 AND
2 1 160 164 204 XOR
2 1 165 204 205 AND
2 1 164 205 206 XOR
2 1 203 206 207 XOR
2 1 202 207 208 XOR
2 1 2 23 209 AND
2 1 166 170 210 XOR
2 1 171 210 211 AND
2 1 170 211 212 XOR
2 1 209 212 213 XOR
2 1 208 213 214 XOR
2 1 3 22 215 AND
2 1 172 176 216 XOR
2 1 177 216 217 AND
2 1 176 217 218 XOR
2 1 215 218 219 XOR
2 1 214 219 220 XOR
2 1 4 21 221 AND
2 1 178 182 222 XOR
2 1 183 222 223 AND
2 1 182 223 224 XOR
2 1 221 224 225 XOR
2 1 220 225 226 XOR
2 1 5 20 227 AND
2 1 184 188 228 XOR
2 1 189 228 229 AND
2 1 188 229 230 XOR
2 1 227 230 231 XOR
2 1 226 231 232 XOR
2 1 6 19 233 AND
2 1 190 194 234 XOR
2 1 195 234 235 AND
2 1 194 235 236 XOR
2 1 233 236 237 XOR
2 1 232 237 238 XOR
2 1 7 18 239 AND
2 1 196 198 240 XOR
2 1 199 240 241 AND
2 1 198 241 242 XOR
2 1 239 242 243 XOR
2 1 238 243 244 XOR
2 1 8 17 245 AND
2 1 200 201 246 AND
2 1 245 246 247 XOR
2 1 244 247 248 XOR
2 1 9 16 249 AND
2 1 248 249 673 XOR
2 1 0 26 250 AND
2 1 1 25 251 AND
2 1 202 206 252 XOR
2 1 207 252 253 AND
2 1 206 253 254 XOR
2 1 251 254 255 XOR
2 1 250 255 256 XOR
2 1 2 24 257 AND
2 1 208 212 258 XOR
2 1 213 258 259 AND
2 1 212 259 260 XOR
2 1 257 260 261 XOR
2 1 256 261 262 XOR
2 1 3 23 263 AND
2 1 214 218 264 XOR
2 1 219 264 265 AND
2 1 218 265 266 XOR
2 1 263 266 267 XOR
2 1 262 267 268 XOR
2 1 4 22 269 AND
2 1 220 224 270 XOR
2 1 225 270 271 AND
2 1 224 271 272 XOR
2 1 269 272 273 XOR
2 1 268 273 274 XOR
2 1 5 21 275 AND
2 1 226 230 276 XOR
2 1 231 276 277 AND
2 1 230 277 278 XOR
2 1 275 278 279 XOR
2 1 274 279 280 XOR
2 1 6 20 281 AND
2 1 232 236 282 XOR
2 1 237 282 283 AND
2 1 236 283 284 XOR
2 1 281 284 285 XOR
2 1 280 285 286 XOR
2 1 7 19 287 AND
2 1 238 242 288 XOR
2 1 243 288 289 AND
2 1 242 289 290 XOR
2 1 287 290 291 XOR
2 1 286 291 292 XOR
2 1 8 18 293 AND
2 1 244 246 294 XOR
2 1 247 294 295 AND
2 1 246 295 296 XOR
2 1 293 296 297 XOR
2 1 292 297 298 XOR
2 1 9 17 299 AND
2 1 248 249 300 AND
2 1 299 300 301 XOR
2 1 298 301 302 XOR
2 1 10 16 303 AND
2 1 302 303 674 XOR
2 1 0 27 304 AND
2 1 1 26 305 AND
2 1 250 254 306 XOR
2 1 255 306 307 AND
2 1 254 307 308 XOR
2 1 305 308 309 XOR
2 1 304 309 310 XOR
2 1 2 25 311 AND
2 1 256 260 312 XOR
2 1 261 312 313 AND
2 1 260 313 314 XOR
2 1 311 314 315 XOR
2 1 310 315 316 XOR
2 1 3 24 317 AND
2 1 262 266 318 XOR
2 1 267 318 319 AND
2 1 266 319 320 XOR
2 1 317 320 321 XOR
2 1 316 321 322 XOR
2 1 4 23 323 AND
2 1 268 272 324 XOR
2 1 273 324 325 AND
2 1 272 325 326 XOR
2 1 323 326 327 XOR
2 1 322 327 328 XOR
2 1 5 22 329 AND
2 1 274 278 330 XOR
2 1 279 330 331 AND
2 1 278 331 332 XOR
2 1 329 332 333 XOR
2 1 328 333 334 XOR
2 1 6 21 335 AND
2 1 280 284 336 XOR
2 1 285 336 337 AND
2 1 284 337 338 XOR
2 1 335 338 339 XOR
2 1 334 339 340 XOR
2 1 7 20 341 AND
2 1 286 290 342 XOR
2 1 291 342 343 AND
2 1 290 343 344 XOR
2 1 341 344 345 XOR
2 1 340 345 346 XOR
2 1 8 19 347 AND
2 1 292 296 348 XOR
2 1 297 348 349 AND
2 1 296 349 350 XOR
2 1 347 350 351 XOR
2 1 346 351 352 XOR
2 1 9 18 353 AND
2 1 298 300 354 XOR
2 1 301 354 355 AND
2 1 300 355 356 XOR
2 1 353 356 357 XOR
2 1 352 357 358 XOR
2 1 10 17 359 AND
2 1 302 303 360 AND
2 1 359 360 361 XOR
2 1 358 361 362 XOR
2 1 11 16 363 AND
2 1 362 363 675 XOR
2 1 0 28 364 AND
2 1 1 27 365 AND
2 1 304 308 366 XOR
2 1 309 366 367 AND
2 1 308 367 368 XOR
2 1 365 368 369 XOR
2 1 364 369 370 XOR
2 1 2 26 371 AND
2 1 310 314 372 XOR
2 1 315 372 373 AND
2 1 314 373 374 XOR
2 1 371 374 375 XOR
2 1 370 375 376 XOR
2 1 3 25 377 AND
2 1 316 320 378 XOR
2 1 321 378 379 AND
2 1 320 379 380 XOR
2 1 377 380 381 XOR
2 1 376 381 382 XOR
2 1 4 24 383 AND
2 1 322 326 384 XOR
2 1 327 384 385 AND
2 1 326 385 386 XOR
2 1 383 386 387 XOR
2 1 382 387 388 XOR
2 1 5 23 389 AND
2 1 328 332 390 XOR
2 1 333 390 391 AND
2 1 332 391 392 XOR
2 1 389 392 393 XOR
2 1 388 393 394 XOR
2 1 6 22 395 AND
2 1 334 338 396 XOR
2 1 339 396 397 AND
2 1 338 397 398 XOR
2 1 395 398 399 XOR
2 1 394 399 400 XOR
2 1 7 21 401 AND
2 1 340 344 402 XOR
2 1 345 402 403 AND
2 1 344 403 404 XOR
2 1 401 404 405 XOR
2 1 400 405 406 XOR
2 1 8 20 407 AND
2 1 346 350 408 XOR
2 1 351 408 409 AND
2 1 350 409 410 XOR
2 1 407 410 411 XOR
2 1 406 411 412 XOR
2 1 9 19 413 AND
2 1 352 356 414 XOR
2 1 357 414 415 AND
2 1 356 415 416 XOR
2 1 413 416 417 XOR
2 1 412 417 418 XOR
2 1 10 18 419 AND
2 1 358 360 420 XOR
2 1 361 420 421 AND
2 1 360 421 422 XOR
2 1 419 422 423 XOR
2 1 418 423 424 XOR
2 1 11 17 425 AND
2 1 362 363 426 AND
2 1 425 426 427 XOR
2 1 424 427 428 XOR
2 1 12 16 429 AND
2 1 428 429 676 XOR
2 1 0 29 430 AND
2 1 1 28 431 AND
2 1 364 368 432 XOR
2 1 369 432 433 AND
2 1 368 433 434 XOR
2 1 431 434 435 XOR
2 1 430 435 436 XOR
2 1 2 27 437 AND
2 1 370 374 438 XOR
2 1 375 438 439 AND
2 1 374 439 440 XOR
2 1 437 440 441 XOR
2 1 436 441 442 XOR
2 1 3 26 443 AND
2 1 376 380 444 XOR
2 1 381 444 445 AND
2 1 380 445 446 XOR
2 1 443 446 447 XOR
2 1 442 447 448 XOR
2 1 4 25 449 AND
2 1 382 386 450 XOR
2 1 387 450 451 AND
2 1 386 451 452 XOR
2 1 449 452 453 XOR
2 1 448 453 454 XOR
2 1 5 24 455 AND
2 1 388 392 456 XOR
2 1 393 456 457 AND
2 1 392 457 458 XOR
2 1 455 458 459 XOR
2 1 454 459 460 XOR
2 1 6 23 461 AND
2 1 394 398 462 XOR
2 1 399 462 463 AND
2 1 398 463 464 XOR
2 1 461 464 465 XOR
2 1 460 465 466 XOR
2 1 7 22 467 AND
2 1 400 404 468 XOR
2 1 405 468 469 AND
2 1 404 469 470 XOR
2 1 467 470 471 XOR
2 1 466 471 472 XOR
2 1 8 21 473 AND
2 1 406 410 474 XOR
2 1 411 474 475 AND
2 1 410 475 476 XOR
2 1 473 476 477 XOR
2 1 472 477 478 XOR
2 1 9 20 479 AND
2 1 412 416 480 XOR
2 1 417 480 481 AND
2 1 416 481 482 XOR
2 1 479 482 483 XOR
2 1 478 483 484 XOR
2 1 10 19 485 AND
2 1 418 422 486 XOR
2 1 423 486 487 AND
2 1 422 487 488 XOR
2 1 485 488 489 XOR
2 1 484 489 490 XOR
2 1 11 18 491 AND
2 1 424 426 492 XOR
2 1 427 492 493 AND
2 1 426 493 494 XOR
2 1 491 494 495 XOR
2 1 490 495 496 XOR
2 1 12 17 497 AND
2 1 428 429 498 AND
2 1 497 498 499 XOR
2 1 496 499 500 XOR
2 1 13 16 501 AND
2 1 500 501 677 XOR
2 1 0 30 502 AND
2 1 1 29 503 AND
2 1 430 434 504 XOR
2 1 435 504 505 AND
2 1 434 505 506 XOR
2 1 503 506 507 XOR
2 1 502 507 508 XOR
2 1 2 28 509 AND
2 1 436 440 510 XOR
2 1 441 510 511 AND
2 1 440 511 512 XOR
2 1 509 512 513 XOR
2 1 508 513 514 XOR
2 1 3 27 515 AND
2 1 442 446 516 XOR
2 1 447 516 517 AND
2 1 446 517 518 XOR
2 1 515 518 519 XOR
2 1 514 519 520 XOR
2 1 4 26 521 AND
2 1 448 452 522 XOR
2 1 453 522 523 AND
2 1 452 523 524 XOR
2 1 521 524 525 XOR
2 1 520 525 526 XOR
2 1 5 25 527 AND
2 1 454 458 528 XOR
2 1 459 528 529 AND
2 1 458 529 530 XOR
2 1 527 530 531 XOR
2 1 526 531 532 XOR
2 1 6 24 533 AND
2 1 460 464 534 XOR
2 1 465 534 535 AND
2 1 464 535 536 XOR
2 1 533 536 537 XOR
2 1 532 537 538 XOR
2 1 7 23 539 AND
2 1 466 470 540 XOR
2 1 471 540 541 AND
2 1 470 541 542 XOR
2 1 539 542 543 XOR
2 1 538 543 544 XOR
2 1 8 22 545 AND
2 1 472 476 546 XOR
2 1 477 546 547 AND
2 1 476 547 548 XOR
2 1 545 548 549 XOR
2 1 544 549 550 XOR
2 1 9 21 551 AND
2 1 478 482 552 XOR
2 1 483 552 553 AND
2 1 482 553 554 XOR
2 1 551 554 555 XOR
2 1 550 555 556 XOR
2 1 10 20 557 AND
2 1 484 488 558 XOR
2 1 489 558 559 AND
2 1 488 559 560 XOR
2 1 557 560 561 XOR
2 1 556 561 562 XOR
2 1 11 19 563 AND
2 1 490 494 564 XOR
2 1 495 564 565 AND
2 1 494 565 566 XOR
2 1 563 566 567 XOR
2 1 562 567 568 XOR
2 1 12 18 569 AND
2 1 496 498 570 XOR
2 1 499 570 571 AND
2 1 498 571 572 XOR
2 1 569 572 573 XOR
2 1 568 573 574 XOR
2 1 13 17 575 AND
2 1 500 501 576 AND
2 1 575 576 577 XOR
2 1 574 577 578 XOR
2 1 14 16 579 AND
2 1 578 579 678 XOR
2 1 0 31 580 AND
2 1 1 30 581 AND
2 1 502 506 582 XOR
2 1 507 582 583 AND
2 1 506 583 584 XOR
2 1 581 584 585 XOR
2 1 580 585 586 XOR
2 1 2 29 587 AND
2 1 508 512 588 XOR
2 1 513 588 589 AND
2 1 512 589 590 XOR
2 1 587 590 591 XOR
2 1 586 591 592 XOR
2 1 3 28 593 AND
2 1 514 518 594 XOR
2 1 519 594 595 AND
2 1 518 595 596 XOR
2 1 593 596 597 XOR
2 1 592 597 598 XOR
2 1 4 27 599 AND
2 1 520 524 600 XOR
2 1 525 600 601 AND
2 1 524 601 602 XOR
2 1 599 602 603 XOR
2 1 598 603 604 XOR
2 1 5 26 605 AND
2 1 526 530 606 XOR
2 1 531 606 607 AND
2 1 530 607 608 XOR
2 1 605 608 609 XOR
2 1 604 609 610 XOR
2 1 6 25 611 AND
2 1 532 536 612 XOR
2 1 537 612 613 AND
2 1 536 613 614 XOR
2 1 611 614 615 XOR
2 1 610 615 616 XOR
2 1 7 24 617 AND
2 1 538 542 618 XOR
2 1 543 618 619 AND
2 1 542 619 620 XOR
2 1 617 620 621 XOR
2 1 616 621 622 XOR
2 1 8 23 623 AND
2 1 544 548 624 XOR
2 1 549 624 625 AND
2 1 548 625 626 XOR
2 1 623 626 627 XOR
2 1 622 627 628 XOR
2 1 9 22 629 AND
2 1 550 554 630 XOR
2 1 555 630 631 AND
2 1 554 631 632 XOR
2 1 629 632 633 XOR
2 1 628 633 634 XOR
2 1 10 21 635 AND
2 1 556 560 636 XOR
2 1 561 636 637 AND
2 1 560 637 638 XOR
2 1 635 638 639 XOR
2 1 634 639 640 XOR
2 1 11 20 641 AND
2 1 562 566 642 XOR
2 1 567 642 643 AND
2 1 566 643 644 XOR
2 1 641 644 645 XOR
2 1 640 645 646 XOR
2 1 12 19 647 AND
2 1 568 572 648 XOR
2 1 573 648 649 AND
2 1 572 649 650 XOR
2 1 647 650 651 XOR
2 1 646 651 652 XOR
2 1 13 18 653 AND
2 1 574 576 654 XOR
2 1 577 654 655 AND
2 1 576 655 656 XOR
2 1 653 656 657 XOR
2 1 652 657 658 XOR
2 1 14 17 659 AND
2 1 578 579 660 AND
2 1 659 660 661 XOR
2 1 658 661 662 XOR
2 1 15 16 663 AND
2 1 662 663 679 XOR
