42 58
2 8 8 
1 8
2 1 0 8 50 XOR
1 1 0 16 INV
2 1 16 8 17 AND
2 1 17 9 18 XOR
2 1 18 1 51 XOR
1 1 17 19 INV
2 1 19 1 20 XOR
2 1 20 18 21 AND
2 1 19 21 22 XOR
2 1 22 10 23 XOR
1 1 23 24 INV
2 1 24 2 52 XOR
2 1 22 2 25 XOR
2 1 25 24 26 AND
2 1 22 26 27 XOR
2 1 27 11 28 XOR
1 1 28 29 INV
2 1 29 3 53 XOR
2 1 27 3 30 XOR
2 1 30 29 31 AND
2 1 27 31 32 XOR
2 1 32 12 33 XOR
1 1 33 34 INV
2 1 34 4 54 XOR
2 1 32 4 35 XOR
2 1 35 34 36 AND
2 1 32 36 37 XOR
2 1 37 13 38 XOR
1 1 38 39 INV
2 1 39 5 55 XOR
2 1 37 5 40 XOR
2 1 40 39 41 AND
2 1 37 41 42 XOR
2 1 42 14 43 XOR
1 1 43 44 INV
2 1 44 6 56 XOR
2 1 42 6 45 XOR
2 1 45 44 46 AND
2 1 42 46 47 XOR
2 1 47 15 48 XOR
2 1 48 7 49 XOR
1 1 49 57 INV
