89 121
16 16 8

2 1 15 31 32 XOR
1 1 0 33 INV
2 1 33 16 34 AND
1 1 34 35 INV
2 1 35 1 36 XOR
2 1 34 17 37 XOR
2 1 36 37 38 AND
2 1 38 35 39 XOR
2 1 39 2 40 XOR
2 1 39 18 41 XOR
1 1 41 42 INV
2 1 40 42 43 AND
2 1 43 39 44 XOR
2 1 44 3 45 XOR
2 1 44 19 46 XOR
1 1 46 47 INV
2 1 45 47 48 AND
2 1 48 44 49 XOR
2 1 49 4 50 XOR
2 1 49 20 51 XOR
1 1 51 52 INV
2 1 50 52 53 AND
2 1 53 49 54 XOR
2 1 54 5 55 XOR
2 1 54 21 56 XOR
1 1 56 57 INV
2 1 55 57 58 AND
2 1 58 54 59 XOR
2 1 59 6 60 XOR
2 1 59 22 61 XOR
1 1 61 62 INV
2 1 60 62 63 AND
2 1 63 59 64 XOR
2 1 64 7 65 XOR
2 1 64 23 66 XOR
1 1 66 67 INV
2 1 65 67 68 AND
2 1 68 64 69 XOR
2 1 69 8 70 XOR
2 1 69 24 71 XOR
1 1 71 72 INV
2 1 70 72 73 AND
2 1 73 69 74 XOR
2 1 74 9 75 XOR
2 1 74 25 76 XOR
1 1 76 77 INV
2 1 75 77 78 AND
2 1 78 74 79 XOR
2 1 79 10 80 XOR
2 1 79 26 81 XOR
1 1 81 82 INV
2 1 80 82 83 AND
2 1 83 79 84 XOR
2 1 84 11 85 XOR
2 1 84 27 86 XOR
1 1 86 87 INV
2 1 85 87 88 AND
2 1 88 84 89 XOR
2 1 89 12 90 XOR
2 1 89 28 91 XOR
1 1 91 92 INV
2 1 90 92 93 AND
2 1 93 89 94 XOR
2 1 94 13 95 XOR
2 1 94 29 96 XOR
1 1 96 97 INV
2 1 95 97 98 AND
2 1 98 94 99 XOR
2 1 99 14 100 XOR
2 1 99 30 101 XOR
1 1 101 102 INV
2 1 100 102 103 AND
2 1 103 99 104 XOR
2 1 104 15 105 XOR
2 1 104 31 106 XOR
1 1 106 107 INV
2 1 105 107 108 AND
2 1 108 104 109 XOR
2 1 32 109 110 XOR
1 1 110 113 INV
2 1 0 0 112 XOR
1 1 112 111 INV
1 1 111 114 INV
1 1 111 115 INV
1 1 111 116 INV
1 1 111 117 INV
1 1 111 118 INV
1 1 111 119 INV
1 1 111 120 INV
