2824 2888
32 32 32

2 1 0 32 2856 AND
2 1 0 33 64 AND
2 1 1 32 65 AND
2 1 64 65 2857 XOR
2 1 0 34 66 AND
2 1 1 33 67 AND
2 1 64 65 68 AND
2 1 67 68 69 XOR
2 1 66 69 70 XOR
2 1 2 32 71 AND
2 1 70 71 2858 XOR
2 1 0 35 72 AND
2 1 1 34 73 AND
2 1 66 68 74 XOR
2 1 69 74 75 AND
2 1 68 75 76 XOR
2 1 73 76 77 XOR
2 1 72 77 78 XOR
2 1 2 33 79 AND
2 1 70 71 80 AND
2 1 79 80 81 XOR
2 1 78 81 82 XOR
2 1 3 32 83 AND
2 1 82 83 2859 XOR
2 1 0 36 84 AND
2 1 1 35 85 AND
2 1 72 76 86 XOR
2 1 77 86 87 AND
2 1 76 87 88 XOR
2 1 85 88 89 XOR
2 1 84 89 90 XOR
2 1 2 34 91 AND
2 1 78 80 92 XOR
2 1 81 92 93 AND
2 1 80 93 94 XOR
2 1 91 94 95 XOR
2 1 90 95 96 XOR
2 1 3 33 97 AND
2 1 82 83 98 AND
2 1 97 98 99 XOR
2 1 96 99 100 XOR
2 1 4 32 101 AND
2 1 100 101 2860 XOR
2 1 0 37 102 AND
2 1 1 36 103 AND
2 1 84 88 104 XOR
2 1 89 104 105 AND
2 1 88 105 106 XOR
2 1 103 106 107 XOR
2 1 102 107 108 XOR
2 1 2 35 109 AND
2 1 90 94 110 XOR
2 1 95 110 111 AND
2 1 94 111 112 XOR
2 1 109 112 113 XOR
2 1 108 113 114 XOR
2 1 3 34 115 AND
2 1 96 98 116 XOR
2 1 99 116 117 AND
2 1 98 117 118 XOR
2 1 115 118 119 XOR
2 1 114 119 120 XOR
2 1 4 33 121 AND
2 1 100 101 122 AND
2 1 121 122 123 XOR
2 1 120 123 124 XOR
2 1 5 32 125 AND
2 1 124 125 2861 XOR
2 1 0 38 126 AND
2 1 1 37 127 AND
2 1 102 106 128 XOR
2 1 107 128 129 AND
2 1 106 129 130 XOR
2 1 127 130 131 XOR
2 1 126 131 132 XOR
2 1 2 36 133 AND
2 1 108 112 134 XOR
2 1 113 134 135 AND
2 1 112 135 136 XOR
2 1 133 136 137 XOR
2 1 132 137 138 XOR
2 1 3 35 139 AND
2 1 114 118 140 XOR
2 1 119 140 141 AND
2 1 118 141 142 XOR
2 1 139 142 143 XOR
2 1 138 143 144 XOR
2 1 4 34 145 AND
2 1 120 122 146 XOR
2 1 123 146 147 AND
2 1 122 147 148 XOR
2 1 145 148 149 XOR
2 1 144 149 150 XOR
2 1 5 33 151 AND
2 1 124 125 152 AND
2 1 151 152 153 XOR
2 1 150 153 154 XOR
2 1 6 32 155 AND
2 1 154 155 2862 XOR
2 1 0 39 156 AND
2 1 1 38 157 AND
2 1 126 130 158 XOR
2 1 131 158 159 AND
2 1 130 159 160 XOR
2 1 157 160 161 XOR
2 1 156 161 162 XOR
2 1 2 37 163 AND
2 1 132 136 164 XOR
2 1 137 164 165 AND
2 1 136 165 166 XOR
2 1 163 166 167 XOR
2 1 162 167 168 XOR
2 1 3 36 169 AND
2 1 138 142 170 XOR
2 1 143 170 171 AND
2 1 142 171 172 XOR
2 1 169 172 173 XOR
2 1 168 173 174 XOR
2 1 4 35 175 AND
2 1 144 148 176 XOR
2 1 149 176 177 AND
2 1 148 177 178 XOR
2 1 175 178 179 XOR
2 1 174 179 180 XOR
2 1 5 34 181 AND
2 1 150 152 182 XOR
2 1 153 182 183 AND
2 1 152 183 184 XOR
2 1 181 184 185 XOR
2 1 180 185 186 XOR
2 1 6 33 187 AND
2 1 154 155 188 AND
2 1 187 188 189 XOR
2 1 186 189 190 XOR
2 1 7 32 191 AND
2 1 190 191 2863 XOR
2 1 0 40 192 AND
2 1 1 39 193 AND
2 1 156 160 194 XOR
2 1 161 194 195 AND
2 1 160 195 196 XOR
2 1 193 196 197 XOR
2 1 192 197 198 XOR
2 1 2 38 199 AND
2 1 162 166 200 XOR
2 1 167 200 201 AND
2 1 166 201 202 XOR
2 1 199 202 203 XOR
2 1 198 203 204 XOR
2 1 3 37 205 AND
2 1 168 172 206 XOR
2 1 173 206 207 AND
2 1 172 207 208 XOR
2 1 205 208 209 XOR
2 1 204 209 210 XOR
2 1 4 36 211 AND
2 1 174 178 212 XOR
2 1 179 212 213 AND
2 1 178 213 214 XOR
2 1 211 214 215 XOR
2 1 210 215 216 XOR
2 1 5 35 217 AND
2 1 180 184 218 XOR
2 1 185 218 219 AND
2 1 184 219 220 XOR
2 1 217 220 221 XOR
2 1 216 221 222 XOR
2 1 6 34 223 AND
2 1 186 188 224 XOR
2 1 189 224 225 AND
2 1 188 225 226 XOR
2 1 223 226 227 XOR
2 1 222 227 228 XOR
2 1 7 33 229 AND
2 1 190 191 230 AND
2 1 229 230 231 XOR
2 1 228 231 232 XOR
2 1 8 32 233 AND
2 1 232 233 2864 XOR
2 1 0 41 234 AND
2 1 1 40 235 AND
2 1 192 196 236 XOR
2 1 197 236 237 AND
2 1 196 237 238 XOR
2 1 235 238 239 XOR
2 1 234 239 240 XOR
2 1 2 39 241 AND
2 1 198 202 242 XOR
2 1 203 242 243 AND
2 1 202 243 244 XOR
2 1 241 244 245 XOR
2 1 240 245 246 XOR
2 1 3 38 247 AND
2 1 204 208 248 XOR
2 1 209 248 249 AND
2 1 208 249 250 XOR
2 1 247 250 251 XOR
2 1 246 251 252 XOR
2 1 4 37 253 AND
2 1 210 214 254 XOR
2 1 215 254 255 AND
2 1 214 255 256 XOR
2 1 253 256 257 XOR
2 1 252 257 258 XOR
2 1 5 36 259 AND
2 1 216 220 260 XOR
2 1 221 260 261 AND
2 1 220 261 262 XOR
2 1 259 262 263 XOR
2 1 258 263 264 XOR
2 1 6 35 265 AND
2 1 222 226 266 XOR
2 1 227 266 267 AND
2 1 226 267 268 XOR
2 1 265 268 269 XOR
2 1 264 269 270 XOR
2 1 7 34 271 AND
2 1 228 230 272 XOR
2 1 231 272 273 AND
2 1 230 273 274 XOR
2 1 271 274 275 XOR
2 1 270 275 276 XOR
2 1 8 33 277 AND
2 1 232 233 278 AND
2 1 277 278 279 XOR
2 1 276 279 280 XOR
2 1 9 32 281 AND
2 1 280 281 2865 XOR
2 1 0 42 282 AND
2 1 1 41 283 AND
2 1 234 238 284 XOR
2 1 239 284 285 AND
2 1 238 285 286 XOR
2 1 283 286 287 XOR
2 1 282 287 288 XOR
2 1 2 40 289 AND
2 1 240 244 290 XOR
2 1 245 290 291 AND
2 1 244 291 292 XOR
2 1 289 292 293 XOR
2 1 288 293 294 XOR
2 1 3 39 295 AND
2 1 246 250 296 XOR
2 1 251 296 297 AND
2 1 250 297 298 XOR
2 1 295 298 299 XOR
2 1 294 299 300 XOR
2 1 4 38 301 AND
2 1 252 256 302 XOR
2 1 257 302 303 AND
2 1 256 303 304 XOR
2 1 301 304 305 XOR
2 1 300 305 306 XOR
2 1 5 37 307 AND
2 1 258 262 308 XOR
2 1 263 308 309 AND
2 1 262 309 310 XOR
2 1 307 310 311 XOR
2 1 306 311 312 XOR
2 1 6 36 313 AND
2 1 264 268 314 XOR
2 1 269 314 315 AND
2 1 268 315 316 XOR
2 1 313 316 317 XOR
2 1 312 317 318 XOR
2 1 7 35 319 AND
2 1 270 274 320 XOR
2 1 275 320 321 AND
2 1 274 321 322 XOR
2 1 319 322 323 XOR
2 1 318 323 324 XOR
2 1 8 34 325 AND
2 1 276 278 326 XOR
2 1 279 326 327 AND
2 1 278 327 328 XOR
2 1 325 328 329 XOR
2 1 324 329 330 XOR
2 1 9 33 331 AND
2 1 280 281 332 AND
2 1 331 332 333 XOR
2 1 330 333 334 XOR
2 1 10 32 335 AND
2 1 334 335 2866 XOR
2 1 0 43 336 AND
2 1 1 42 337 AND
2 1 282 286 338 XOR
2 1 287 338 339 AND
2 1 286 339 340 XOR
2 1 337 340 341 XOR
2 1 336 341 342 XOR
2 1 2 41 343 AND
2 1 288 292 344 XOR
2 1 293 344 345 AND
2 1 292 345 346 XOR
2 1 343 346 347 XOR
2 1 342 347 348 XOR
2 1 3 40 349 AND
2 1 294 298 350 XOR
2 1 299 350 351 AND
2 1 298 351 352 XOR
2 1 349 352 353 XOR
2 1 348 353 354 XOR
2 1 4 39 355 AND
2 1 300 304 356 XOR
2 1 305 356 357 AND
2 1 304 357 358 XOR
2 1 355 358 359 XOR
2 1 354 359 360 XOR
2 1 5 38 361 AND
2 1 306 310 362 XOR
2 1 311 362 363 AND
2 1 310 363 364 XOR
2 1 361 364 365 XOR
2 1 360 365 366 XOR
2 1 6 37 367 AND
2 1 312 316 368 XOR
2 1 317 368 369 AND
2 1 316 369 370 XOR
2 1 367 370 371 XOR
2 1 366 371 372 XOR
2 1 7 36 373 AND
2 1 318 322 374 XOR
2 1 323 374 375 AND
2 1 322 375 376 XOR
2 1 373 376 377 XOR
2 1 372 377 378 XOR
2 1 8 35 379 AND
2 1 324 328 380 XOR
2 1 329 380 381 AND
2 1 328 381 382 XOR
2 1 379 382 383 XOR
2 1 378 383 384 XOR
2 1 9 34 385 AND
2 1 330 332 386 XOR
2 1 333 386 387 AND
2 1 332 387 388 XOR
2 1 385 388 389 XOR
2 1 384 389 390 XOR
2 1 10 33 391 AND
2 1 334 335 392 AND
2 1 391 392 393 XOR
2 1 390 393 394 XOR
2 1 11 32 395 AND
2 1 394 395 2867 XOR
2 1 0 44 396 AND
2 1 1 43 397 AND
2 1 336 340 398 XOR
2 1 341 398 399 AND
2 1 340 399 400 XOR
2 1 397 400 401 XOR
2 1 396 401 402 XOR
2 1 2 42 403 AND
2 1 342 346 404 XOR
2 1 347 404 405 AND
2 1 346 405 406 XOR
2 1 403 406 407 XOR
2 1 402 407 408 XOR
2 1 3 41 409 AND
2 1 348 352 410 XOR
2 1 353 410 411 AND
2 1 352 411 412 XOR
2 1 409 412 413 XOR
2 1 408 413 414 XOR
2 1 4 40 415 AND
2 1 354 358 416 XOR
2 1 359 416 417 AND
2 1 358 417 418 XOR
2 1 415 418 419 XOR
2 1 414 419 420 XOR
2 1 5 39 421 AND
2 1 360 364 422 XOR
2 1 365 422 423 AND
2 1 364 423 424 XOR
2 1 421 424 425 XOR
2 1 420 425 426 XOR
2 1 6 38 427 AND
2 1 366 370 428 XOR
2 1 371 428 429 AND
2 1 370 429 430 XOR
2 1 427 430 431 XOR
2 1 426 431 432 XOR
2 1 7 37 433 AND
2 1 372 376 434 XOR
2 1 377 434 435 AND
2 1 376 435 436 XOR
2 1 433 436 437 XOR
2 1 432 437 438 XOR
2 1 8 36 439 AND
2 1 378 382 440 XOR
2 1 383 440 441 AND
2 1 382 441 442 XOR
2 1 439 442 443 XOR
2 1 438 443 444 XOR
2 1 9 35 445 AND
2 1 384 388 446 XOR
2 1 389 446 447 AND
2 1 388 447 448 XOR
2 1 445 448 449 XOR
2 1 444 449 450 XOR
2 1 10 34 451 AND
2 1 390 392 452 XOR
2 1 393 452 453 AND
2 1 392 453 454 XOR
2 1 451 454 455 XOR
2 1 450 455 456 XOR
2 1 11 33 457 AND
2 1 394 395 458 AND
2 1 457 458 459 XOR
2 1 456 459 460 XOR
2 1 12 32 461 AND
2 1 460 461 2868 XOR
2 1 0 45 462 AND
2 1 1 44 463 AND
2 1 396 400 464 XOR
2 1 401 464 465 AND
2 1 400 465 466 XOR
2 1 463 466 467 XOR
2 1 462 467 468 XOR
2 1 2 43 469 AND
2 1 402 406 470 XOR
2 1 407 470 471 AND
2 1 406 471 472 XOR
2 1 469 472 473 XOR
2 1 468 473 474 XOR
2 1 3 42 475 AND
2 1 408 412 476 XOR
2 1 413 476 477 AND
2 1 412 477 478 XOR
2 1 475 478 479 XOR
2 1 474 479 480 XOR
2 1 4 41 481 AND
2 1 414 418 482 XOR
2 1 419 482 483 AND
2 1 418 483 484 XOR
2 1 481 484 485 XOR
2 1 480 485 486 XOR
2 1 5 40 487 AND
2 1 420 424 488 XOR
2 1 425 488 489 AND
2 1 424 489 490 XOR
2 1 487 490 491 XOR
2 1 486 491 492 XOR
2 1 6 39 493 AND
2 1 426 430 494 XOR
2 1 431 494 495 AND
2 1 430 495 496 XOR
2 1 493 496 497 XOR
2 1 492 497 498 XOR
2 1 7 38 499 AND
2 1 432 436 500 XOR
2 1 437 500 501 AND
2 1 436 501 502 XOR
2 1 499 502 503 XOR
2 1 498 503 504 XOR
2 1 8 37 505 AND
2 1 438 442 506 XOR
2 1 443 506 507 AND
2 1 442 507 508 XOR
2 1 505 508 509 XOR
2 1 504 509 510 XOR
2 1 9 36 511 AND
2 1 444 448 512 XOR
2 1 449 512 513 AND
2 1 448 513 514 XOR
2 1 511 514 515 XOR
2 1 510 515 516 XOR
2 1 10 35 517 AND
2 1 450 454 518 XOR
2 1 455 518 519 AND
2 1 454 519 520 XOR
2 1 517 520 521 XOR
2 1 516 521 522 XOR
2 1 11 34 523 AND
2 1 456 458 524 XOR
2 1 459 524 525 AND
2 1 458 525 526 XOR
2 1 523 526 527 XOR
2 1 522 527 528 XOR
2 1 12 33 529 AND
2 1 460 461 530 AND
2 1 529 530 531 XOR
2 1 528 531 532 XOR
2 1 13 32 533 AND
2 1 532 533 2869 XOR
2 1 0 46 534 AND
2 1 1 45 535 AND
2 1 462 466 536 XOR
2 1 467 536 537 AND
2 1 466 537 538 XOR
2 1 535 538 539 XOR
2 1 534 539 540 XOR
2 1 2 44 541 AND
2 1 468 472 542 XOR
2 1 473 542 543 AND
2 1 472 543 544 XOR
2 1 541 544 545 XOR
2 1 540 545 546 XOR
2 1 3 43 547 AND
2 1 474 478 548 XOR
2 1 479 548 549 AND
2 1 478 549 550 XOR
2 1 547 550 551 XOR
2 1 546 551 552 XOR
2 1 4 42 553 AND
2 1 480 484 554 XOR
2 1 485 554 555 AND
2 1 484 555 556 XOR
2 1 553 556 557 XOR
2 1 552 557 558 XOR
2 1 5 41 559 AND
2 1 486 490 560 XOR
2 1 491 560 561 AND
2 1 490 561 562 XOR
2 1 559 562 563 XOR
2 1 558 563 564 XOR
2 1 6 40 565 AND
2 1 492 496 566 XOR
2 1 497 566 567 AND
2 1 496 567 568 XOR
2 1 565 568 569 XOR
2 1 564 569 570 XOR
2 1 7 39 571 AND
2 1 498 502 572 XOR
2 1 503 572 573 AND
2 1 502 573 574 XOR
2 1 571 574 575 XOR
2 1 570 575 576 XOR
2 1 8 38 577 AND
2 1 504 508 578 XOR
2 1 509 578 579 AND
2 1 508 579 580 XOR
2 1 577 580 581 XOR
2 1 576 581 582 XOR
2 1 9 37 583 AND
2 1 510 514 584 XOR
2 1 515 584 585 AND
2 1 514 585 586 XOR
2 1 583 586 587 XOR
2 1 582 587 588 XOR
2 1 10 36 589 AND
2 1 516 520 590 XOR
2 1 521 590 591 AND
2 1 520 591 592 XOR
2 1 589 592 593 XOR
2 1 588 593 594 XOR
2 1 11 35 595 AND
2 1 522 526 596 XOR
2 1 527 596 597 AND
2 1 526 597 598 XOR
2 1 595 598 599 XOR
2 1 594 599 600 XOR
2 1 12 34 601 AND
2 1 528 530 602 XOR
2 1 531 602 603 AND
2 1 530 603 604 XOR
2 1 601 604 605 XOR
2 1 600 605 606 XOR
2 1 13 33 607 AND
2 1 532 533 608 AND
2 1 607 608 609 XOR
2 1 606 609 610 XOR
2 1 14 32 611 AND
2 1 610 611 2870 XOR
2 1 0 47 612 AND
2 1 1 46 613 AND
2 1 534 538 614 XOR
2 1 539 614 615 AND
2 1 538 615 616 XOR
2 1 613 616 617 XOR
2 1 612 617 618 XOR
2 1 2 45 619 AND
2 1 540 544 620 XOR
2 1 545 620 621 AND
2 1 544 621 622 XOR
2 1 619 622 623 XOR
2 1 618 623 624 XOR
2 1 3 44 625 AND
2 1 546 550 626 XOR
2 1 551 626 627 AND
2 1 550 627 628 XOR
2 1 625 628 629 XOR
2 1 624 629 630 XOR
2 1 4 43 631 AND
2 1 552 556 632 XOR
2 1 557 632 633 AND
2 1 556 633 634 XOR
2 1 631 634 635 XOR
2 1 630 635 636 XOR
2 1 5 42 637 AND
2 1 558 562 638 XOR
2 1 563 638 639 AND
2 1 562 639 640 XOR
2 1 637 640 641 XOR
2 1 636 641 642 XOR
2 1 6 41 643 AND
2 1 564 568 644 XOR
2 1 569 644 645 AND
2 1 568 645 646 XOR
2 1 643 646 647 XOR
2 1 642 647 648 XOR
2 1 7 40 649 AND
2 1 570 574 650 XOR
2 1 575 650 651 AND
2 1 574 651 652 XOR
2 1 649 652 653 XOR
2 1 648 653 654 XOR
2 1 8 39 655 AND
2 1 576 580 656 XOR
2 1 581 656 657 AND
2 1 580 657 658 XOR
2 1 655 658 659 XOR
2 1 654 659 660 XOR
2 1 9 38 661 AND
2 1 582 586 662 XOR
2 1 587 662 663 AND
2 1 586 663 664 XOR
2 1 661 664 665 XOR
2 1 660 665 666 XOR
2 1 10 37 667 AND
2 1 588 592 668 XOR
2 1 593 668 669 AND
2 1 592 669 670 XOR
2 1 667 670 671 XOR
2 1 666 671 672 XOR
2 1 11 36 673 AND
2 1 594 598 674 XOR
2 1 599 674 675 AND
2 1 598 675 676 XOR
2 1 673 676 677 XOR
2 1 672 677 678 XOR
2 1 12 35 679 AND
2 1 600 604 680 XOR
2 1 605 680 681 AND
2 1 604 681 682 XOR
2 1 679 682 683 XOR
2 1 678 683 684 XOR
2 1 13 34 685 AND
2 1 606 608 686 XOR
2 1 609 686 687 AND
2 1 608 687 688 XOR
2 1 685 688 689 XOR
2 1 684 689 690 XOR
2 1 14 33 691 AND
2 1 610 611 692 AND
2 1 691 692 693 XOR
2 1 690 693 694 XOR
2 1 15 32 695 AND
2 1 694 695 2871 XOR
2 1 0 48 696 AND
2 1 1 47 697 AND
2 1 612 616 698 XOR
2 1 617 698 699 AND
2 1 616 699 700 XOR
2 1 697 700 701 XOR
2 1 696 701 702 XOR
2 1 2 46 703 AND
2 1 618 622 704 XOR
2 1 623 704 705 AND
2 1 622 705 706 XOR
2 1 703 706 707 XOR
2 1 702 707 708 XOR
2 1 3 45 709 AND
2 1 624 628 710 XOR
2 1 629 710 711 AND
2 1 628 711 712 XOR
2 1 709 712 713 XOR
2 1 708 713 714 XOR
2 1 4 44 715 AND
2 1 630 634 716 XOR
2 1 635 716 717 AND
2 1 634 717 718 XOR
2 1 715 718 719 XOR
2 1 714 719 720 XOR
2 1 5 43 721 AND
2 1 636 640 722 XOR
2 1 641 722 723 AND
2 1 640 723 724 XOR
2 1 721 724 725 XOR
2 1 720 725 726 XOR
2 1 6 42 727 AND
2 1 642 646 728 XOR
2 1 647 728 729 AND
2 1 646 729 730 XOR
2 1 727 730 731 XOR
2 1 726 731 732 XOR
2 1 7 41 733 AND
2 1 648 652 734 XOR
2 1 653 734 735 AND
2 1 652 735 736 XOR
2 1 733 736 737 XOR
2 1 732 737 738 XOR
2 1 8 40 739 AND
2 1 654 658 740 XOR
2 1 659 740 741 AND
2 1 658 741 742 XOR
2 1 739 742 743 XOR
2 1 738 743 744 XOR
2 1 9 39 745 AND
2 1 660 664 746 XOR
2 1 665 746 747 AND
2 1 664 747 748 XOR
2 1 745 748 749 XOR
2 1 744 749 750 XOR
2 1 10 38 751 AND
2 1 666 670 752 XOR
2 1 671 752 753 AND
2 1 670 753 754 XOR
2 1 751 754 755 XOR
2 1 750 755 756 XOR
2 1 11 37 757 AND
2 1 672 676 758 XOR
2 1 677 758 759 AND
2 1 676 759 760 XOR
2 1 757 760 761 XOR
2 1 756 761 762 XOR
2 1 12 36 763 AND
2 1 678 682 764 XOR
2 1 683 764 765 AND
2 1 682 765 766 XOR
2 1 763 766 767 XOR
2 1 762 767 768 XOR
2 1 13 35 769 AND
2 1 684 688 770 XOR
2 1 689 770 771 AND
2 1 688 771 772 XOR
2 1 769 772 773 XOR
2 1 768 773 774 XOR
2 1 14 34 775 AND
2 1 690 692 776 XOR
2 1 693 776 777 AND
2 1 692 777 778 XOR
2 1 775 778 779 XOR
2 1 774 779 780 XOR
2 1 15 33 781 AND
2 1 694 695 782 AND
2 1 781 782 783 XOR
2 1 780 783 784 XOR
2 1 16 32 785 AND
2 1 784 785 2872 XOR
2 1 0 49 786 AND
2 1 1 48 787 AND
2 1 696 700 788 XOR
2 1 701 788 789 AND
2 1 700 789 790 XOR
2 1 787 790 791 XOR
2 1 786 791 792 XOR
2 1 2 47 793 AND
2 1 702 706 794 XOR
2 1 707 794 795 AND
2 1 706 795 796 XOR
2 1 793 796 797 XOR
2 1 792 797 798 XOR
2 1 3 46 799 AND
2 1 708 712 800 XOR
2 1 713 800 801 AND
2 1 712 801 802 XOR
2 1 799 802 803 XOR
2 1 798 803 804 XOR
2 1 4 45 805 AND
2 1 714 718 806 XOR
2 1 719 806 807 AND
2 1 718 807 808 XOR
2 1 805 808 809 XOR
2 1 804 809 810 XOR
2 1 5 44 811 AND
2 1 720 724 812 XOR
2 1 725 812 813 AND
2 1 724 813 814 XOR
2 1 811 814 815 XOR
2 1 810 815 816 XOR
2 1 6 43 817 AND
2 1 726 730 818 XOR
2 1 731 818 819 AND
2 1 730 819 820 XOR
2 1 817 820 821 XOR
2 1 816 821 822 XOR
2 1 7 42 823 AND
2 1 732 736 824 XOR
2 1 737 824 825 AND
2 1 736 825 826 XOR
2 1 823 826 827 XOR
2 1 822 827 828 XOR
2 1 8 41 829 AND
2 1 738 742 830 XOR
2 1 743 830 831 AND
2 1 742 831 832 XOR
2 1 829 832 833 XOR
2 1 828 833 834 XOR
2 1 9 40 835 AND
2 1 744 748 836 XOR
2 1 749 836 837 AND
2 1 748 837 838 XOR
2 1 835 838 839 XOR
2 1 834 839 840 XOR
2 1 10 39 841 AND
2 1 750 754 842 XOR
2 1 755 842 843 AND
2 1 754 843 844 XOR
2 1 841 844 845 XOR
2 1 840 845 846 XOR
2 1 11 38 847 AND
2 1 756 760 848 XOR
2 1 761 848 849 AND
2 1 760 849 850 XOR
2 1 847 850 851 XOR
2 1 846 851 852 XOR
2 1 12 37 853 AND
2 1 762 766 854 XOR
2 1 767 854 855 AND
2 1 766 855 856 XOR
2 1 853 856 857 XOR
2 1 852 857 858 XOR
2 1 13 36 859 AND
2 1 768 772 860 XOR
2 1 773 860 861 AND
2 1 772 861 862 XOR
2 1 859 862 863 XOR
2 1 858 863 864 XOR
2 1 14 35 865 AND
2 1 774 778 866 XOR
2 1 779 866 867 AND
2 1 778 867 868 XOR
2 1 865 868 869 XOR
2 1 864 869 870 XOR
2 1 15 34 871 AND
2 1 780 782 872 XOR
2 1 783 872 873 AND
2 1 782 873 874 XOR
2 1 871 874 875 XOR
2 1 870 875 876 XOR
2 1 16 33 877 AND
2 1 784 785 878 AND
2 1 877 878 879 XOR
2 1 876 879 880 XOR
2 1 17 32 881 AND
2 1 880 881 2873 XOR
2 1 0 50 882 AND
2 1 1 49 883 AND
2 1 786 790 884 XOR
2 1 791 884 885 AND
2 1 790 885 886 XOR
2 1 883 886 887 XOR
2 1 882 887 888 XOR
2 1 2 48 889 AND
2 1 792 796 890 XOR
2 1 797 890 891 AND
2 1 796 891 892 XOR
2 1 889 892 893 XOR
2 1 888 893 894 XOR
2 1 3 47 895 AND
2 1 798 802 896 XOR
2 1 803 896 897 AND
2 1 802 897 898 XOR
2 1 895 898 899 XOR
2 1 894 899 900 XOR
2 1 4 46 901 AND
2 1 804 808 902 XOR
2 1 809 902 903 AND
2 1 808 903 904 XOR
2 1 901 904 905 XOR
2 1 900 905 906 XOR
2 1 5 45 907 AND
2 1 810 814 908 XOR
2 1 815 908 909 AND
2 1 814 909 910 XOR
2 1 907 910 911 XOR
2 1 906 911 912 XOR
2 1 6 44 913 AND
2 1 816 820 914 XOR
2 1 821 914 915 AND
2 1 820 915 916 XOR
2 1 913 916 917 XOR
2 1 912 917 918 XOR
2 1 7 43 919 AND
2 1 822 826 920 XOR
2 1 827 920 921 AND
2 1 826 921 922 XOR
2 1 919 922 923 XOR
2 1 918 923 924 XOR
2 1 8 42 925 AND
2 1 828 832 926 XOR
2 1 833 926 927 AND
2 1 832 927 928 XOR
2 1 925 928 929 XOR
2 1 924 929 930 XOR
2 1 9 41 931 AND
2 1 834 838 932 XOR
2 1 839 932 933 AND
2 1 838 933 934 XOR
2 1 931 934 935 XOR
2 1 930 935 936 XOR
2 1 10 40 937 AND
2 1 840 844 938 XOR
2 1 845 938 939 AND
2 1 844 939 940 XOR
2 1 937 940 941 XOR
2 1 936 941 942 XOR
2 1 11 39 943 AND
2 1 846 850 944 XOR
2 1 851 944 945 AND
2 1 850 945 946 XOR
2 1 943 946 947 XOR
2 1 942 947 948 XOR
2 1 12 38 949 AND
2 1 852 856 950 XOR
2 1 857 950 951 AND
2 1 856 951 952 XOR
2 1 949 952 953 XOR
2 1 948 953 954 XOR
2 1 13 37 955 AND
2 1 858 862 956 XOR
2 1 863 956 957 AND
2 1 862 957 958 XOR
2 1 955 958 959 XOR
2 1 954 959 960 XOR
2 1 14 36 961 AND
2 1 864 868 962 XOR
2 1 869 962 963 AND
2 1 868 963 964 XOR
2 1 961 964 965 XOR
2 1 960 965 966 XOR
2 1 15 35 967 AND
2 1 870 874 968 XOR
2 1 875 968 969 AND
2 1 874 969 970 XOR
2 1 967 970 971 XOR
2 1 966 971 972 XOR
2 1 16 34 973 AND
2 1 876 878 974 XOR
2 1 879 974 975 AND
2 1 878 975 976 XOR
2 1 973 976 977 XOR
2 1 972 977 978 XOR
2 1 17 33 979 AND
2 1 880 881 980 AND
2 1 979 980 981 XOR
2 1 978 981 982 XOR
2 1 18 32 983 AND
2 1 982 983 2874 XOR
2 1 0 51 984 AND
2 1 1 50 985 AND
2 1 882 886 986 XOR
2 1 887 986 987 AND
2 1 886 987 988 XOR
2 1 985 988 989 XOR
2 1 984 989 990 XOR
2 1 2 49 991 AND
2 1 888 892 992 XOR
2 1 893 992 993 AND
2 1 892 993 994 XOR
2 1 991 994 995 XOR
2 1 990 995 996 XOR
2 1 3 48 997 AND
2 1 894 898 998 XOR
2 1 899 998 999 AND
2 1 898 999 1000 XOR
2 1 997 1000 1001 XOR
2 1 996 1001 1002 XOR
2 1 4 47 1003 AND
2 1 900 904 1004 XOR
2 1 905 1004 1005 AND
2 1 904 1005 1006 XOR
2 1 1003 1006 1007 XOR
2 1 1002 1007 1008 XOR
2 1 5 46 1009 AND
2 1 906 910 1010 XOR
2 1 911 1010 1011 AND
2 1 910 1011 1012 XOR
2 1 1009 1012 1013 XOR
2 1 1008 1013 1014 XOR
2 1 6 45 1015 AND
2 1 912 916 1016 XOR
2 1 917 1016 1017 AND
2 1 916 1017 1018 XOR
2 1 1015 1018 1019 XOR
2 1 1014 1019 1020 XOR
2 1 7 44 1021 AND
2 1 918 922 1022 XOR
2 1 923 1022 1023 AND
2 1 922 1023 1024 XOR
2 1 1021 1024 1025 XOR
2 1 1020 1025 1026 XOR
2 1 8 43 1027 AND
2 1 924 928 1028 XOR
2 1 929 1028 1029 AND
2 1 928 1029 1030 XOR
2 1 1027 1030 1031 XOR
2 1 1026 1031 1032 XOR
2 1 9 42 1033 AND
2 1 930 934 1034 XOR
2 1 935 1034 1035 AND
2 1 934 1035 1036 XOR
2 1 1033 1036 1037 XOR
2 1 1032 1037 1038 XOR
2 1 10 41 1039 AND
2 1 936 940 1040 XOR
2 1 941 1040 1041 AND
2 1 940 1041 1042 XOR
2 1 1039 1042 1043 XOR
2 1 1038 1043 1044 XOR
2 1 11 40 1045 AND
2 1 942 946 1046 XOR
2 1 947 1046 1047 AND
2 1 946 1047 1048 XOR
2 1 1045 1048 1049 XOR
2 1 1044 1049 1050 XOR
2 1 12 39 1051 AND
2 1 948 952 1052 XOR
2 1 953 1052 1053 AND
2 1 952 1053 1054 XOR
2 1 1051 1054 1055 XOR
2 1 1050 1055 1056 XOR
2 1 13 38 1057 AND
2 1 954 958 1058 XOR
2 1 959 1058 1059 AND
2 1 958 1059 1060 XOR
2 1 1057 1060 1061 XOR
2 1 1056 1061 1062 XOR
2 1 14 37 1063 AND
2 1 960 964 1064 XOR
2 1 965 1064 1065 AND
2 1 964 1065 1066 XOR
2 1 1063 1066 1067 XOR
2 1 1062 1067 1068 XOR
2 1 15 36 1069 AND
2 1 966 970 1070 XOR
2 1 971 1070 1071 AND
2 1 970 1071 1072 XOR
2 1 1069 1072 1073 XOR
2 1 1068 1073 1074 XOR
2 1 16 35 1075 AND
2 1 972 976 1076 XOR
2 1 977 1076 1077 AND
2 1 976 1077 1078 XOR
2 1 1075 1078 1079 XOR
2 1 1074 1079 1080 XOR
2 1 17 34 1081 AND
2 1 978 980 1082 XOR
2 1 981 1082 1083 AND
2 1 980 1083 1084 XOR
2 1 1081 1084 1085 XOR
2 1 1080 1085 1086 XOR
2 1 18 33 1087 AND
2 1 982 983 1088 AND
2 1 1087 1088 1089 XOR
2 1 1086 1089 1090 XOR
2 1 19 32 1091 AND
2 1 1090 1091 2875 XOR
2 1 0 52 1092 AND
2 1 1 51 1093 AND
2 1 984 988 1094 XOR
2 1 989 1094 1095 AND
2 1 988 1095 1096 XOR
2 1 1093 1096 1097 XOR
2 1 1092 1097 1098 XOR
2 1 2 50 1099 AND
2 1 990 994 1100 XOR
2 1 995 1100 1101 AND
2 1 994 1101 1102 XOR
2 1 1099 1102 1103 XOR
2 1 1098 1103 1104 XOR
2 1 3 49 1105 AND
2 1 996 1000 1106 XOR
2 1 1001 1106 1107 AND
2 1 1000 1107 1108 XOR
2 1 1105 1108 1109 XOR
2 1 1104 1109 1110 XOR
2 1 4 48 1111 AND
2 1 1002 1006 1112 XOR
2 1 1007 1112 1113 AND
2 1 1006 1113 1114 XOR
2 1 1111 1114 1115 XOR
2 1 1110 1115 1116 XOR
2 1 5 47 1117 AND
2 1 1008 1012 1118 XOR
2 1 1013 1118 1119 AND
2 1 1012 1119 1120 XOR
2 1 1117 1120 1121 XOR
2 1 1116 1121 1122 XOR
2 1 6 46 1123 AND
2 1 1014 1018 1124 XOR
2 1 1019 1124 1125 AND
2 1 1018 1125 1126 XOR
2 1 1123 1126 1127 XOR
2 1 1122 1127 1128 XOR
2 1 7 45 1129 AND
2 1 1020 1024 1130 XOR
2 1 1025 1130 1131 AND
2 1 1024 1131 1132 XOR
2 1 1129 1132 1133 XOR
2 1 1128 1133 1134 XOR
2 1 8 44 1135 AND
2 1 1026 1030 1136 XOR
2 1 1031 1136 1137 AND
2 1 1030 1137 1138 XOR
2 1 1135 1138 1139 XOR
2 1 1134 1139 1140 XOR
2 1 9 43 1141 AND
2 1 1032 1036 1142 XOR
2 1 1037 1142 1143 AND
2 1 1036 1143 1144 XOR
2 1 1141 1144 1145 XOR
2 1 1140 1145 1146 XOR
2 1 10 42 1147 AND
2 1 1038 1042 1148 XOR
2 1 1043 1148 1149 AND
2 1 1042 1149 1150 XOR
2 1 1147 1150 1151 XOR
2 1 1146 1151 1152 XOR
2 1 11 41 1153 AND
2 1 1044 1048 1154 XOR
2 1 1049 1154 1155 AND
2 1 1048 1155 1156 XOR
2 1 1153 1156 1157 XOR
2 1 1152 1157 1158 XOR
2 1 12 40 1159 AND
2 1 1050 1054 1160 XOR
2 1 1055 1160 1161 AND
2 1 1054 1161 1162 XOR
2 1 1159 1162 1163 XOR
2 1 1158 1163 1164 XOR
2 1 13 39 1165 AND
2 1 1056 1060 1166 XOR
2 1 1061 1166 1167 AND
2 1 1060 1167 1168 XOR
2 1 1165 1168 1169 XOR
2 1 1164 1169 1170 XOR
2 1 14 38 1171 AND
2 1 1062 1066 1172 XOR
2 1 1067 1172 1173 AND
2 1 1066 1173 1174 XOR
2 1 1171 1174 1175 XOR
2 1 1170 1175 1176 XOR
2 1 15 37 1177 AND
2 1 1068 1072 1178 XOR
2 1 1073 1178 1179 AND
2 1 1072 1179 1180 XOR
2 1 1177 1180 1181 XOR
2 1 1176 1181 1182 XOR
2 1 16 36 1183 AND
2 1 1074 1078 1184 XOR
2 1 1079 1184 1185 AND
2 1 1078 1185 1186 XOR
2 1 1183 1186 1187 XOR
2 1 1182 1187 1188 XOR
2 1 17 35 1189 AND
2 1 1080 1084 1190 XOR
2 1 1085 1190 1191 AND
2 1 1084 1191 1192 XOR
2 1 1189 1192 1193 XOR
2 1 1188 1193 1194 XOR
2 1 18 34 1195 AND
2 1 1086 1088 1196 XOR
2 1 1089 1196 1197 AND
2 1 1088 1197 1198 XOR
2 1 1195 1198 1199 XOR
2 1 1194 1199 1200 XOR
2 1 19 33 1201 AND
2 1 1090 1091 1202 AND
2 1 1201 1202 1203 XOR
2 1 1200 1203 1204 XOR
2 1 20 32 1205 AND
2 1 1204 1205 2876 XOR
2 1 0 53 1206 AND
2 1 1 52 1207 AND
2 1 1092 1096 1208 XOR
2 1 1097 1208 1209 AND
2 1 1096 1209 1210 XOR
2 1 1207 1210 1211 XOR
2 1 1206 1211 1212 XOR
2 1 2 51 1213 AND
2 1 1098 1102 1214 XOR
2 1 1103 1214 1215 AND
2 1 1102 1215 1216 XOR
2 1 1213 1216 1217 XOR
2 1 1212 1217 1218 XOR
2 1 3 50 1219 AND
2 1 1104 1108 1220 XOR
2 1 1109 1220 1221 AND
2 1 1108 1221 1222 XOR
2 1 1219 1222 1223 XOR
2 1 1218 1223 1224 XOR
2 1 4 49 1225 AND
2 1 1110 1114 1226 XOR
2 1 1115 1226 1227 AND
2 1 1114 1227 1228 XOR
2 1 1225 1228 1229 XOR
2 1 1224 1229 1230 XOR
2 1 5 48 1231 AND
2 1 1116 1120 1232 XOR
2 1 1121 1232 1233 AND
2 1 1120 1233 1234 XOR
2 1 1231 1234 1235 XOR
2 1 1230 1235 1236 XOR
2 1 6 47 1237 AND
2 1 1122 1126 1238 XOR
2 1 1127 1238 1239 AND
2 1 1126 1239 1240 XOR
2 1 1237 1240 1241 XOR
2 1 1236 1241 1242 XOR
2 1 7 46 1243 AND
2 1 1128 1132 1244 XOR
2 1 1133 1244 1245 AND
2 1 1132 1245 1246 XOR
2 1 1243 1246 1247 XOR
2 1 1242 1247 1248 XOR
2 1 8 45 1249 AND
2 1 1134 1138 1250 XOR
2 1 1139 1250 1251 AND
2 1 1138 1251 1252 XOR
2 1 1249 1252 1253 XOR
2 1 1248 1253 1254 XOR
2 1 9 44 1255 AND
2 1 1140 1144 1256 XOR
2 1 1145 1256 1257 AND
2 1 1144 1257 1258 XOR
2 1 1255 1258 1259 XOR
2 1 1254 1259 1260 XOR
2 1 10 43 1261 AND
2 1 1146 1150 1262 XOR
2 1 1151 1262 1263 AND
2 1 1150 1263 1264 XOR
2 1 1261 1264 1265 XOR
2 1 1260 1265 1266 XOR
2 1 11 42 1267 AND
2 1 1152 1156 1268 XOR
2 1 1157 1268 1269 AND
2 1 1156 1269 1270 XOR
2 1 1267 1270 1271 XOR
2 1 1266 1271 1272 XOR
2 1 12 41 1273 AND
2 1 1158 1162 1274 XOR
2 1 1163 1274 1275 AND
2 1 1162 1275 1276 XOR
2 1 1273 1276 1277 XOR
2 1 1272 1277 1278 XOR
2 1 13 40 1279 AND
2 1 1164 1168 1280 XOR
2 1 1169 1280 1281 AND
2 1 1168 1281 1282 XOR
2 1 1279 1282 1283 XOR
2 1 1278 1283 1284 XOR
2 1 14 39 1285 AND
2 1 1170 1174 1286 XOR
2 1 1175 1286 1287 AND
2 1 1174 1287 1288 XOR
2 1 1285 1288 1289 XOR
2 1 1284 1289 1290 XOR
2 1 15 38 1291 AND
2 1 1176 1180 1292 XOR
2 1 1181 1292 1293 AND
2 1 1180 1293 1294 XOR
2 1 1291 1294 1295 XOR
2 1 1290 1295 1296 XOR
2 1 16 37 1297 AND
2 1 1182 1186 1298 XOR
2 1 1187 1298 1299 AND
2 1 1186 1299 1300 XOR
2 1 1297 1300 1301 XOR
2 1 1296 1301 1302 XOR
2 1 17 36 1303 AND
2 1 1188 1192 1304 XOR
2 1 1193 1304 1305 AND
2 1 1192 1305 1306 XOR
2 1 1303 1306 1307 XOR
2 1 1302 1307 1308 XOR
2 1 18 35 1309 AND
2 1 1194 1198 1310 XOR
2 1 1199 1310 1311 AND
2 1 1198 1311 1312 XOR
2 1 1309 1312 1313 XOR
2 1 1308 1313 1314 XOR
2 1 19 34 1315 AND
2 1 1200 1202 1316 XOR
2 1 1203 1316 1317 AND
2 1 1202 1317 1318 XOR
2 1 1315 1318 1319 XOR
2 1 1314 1319 1320 XOR
2 1 20 33 1321 AND
2 1 1204 1205 1322 AND
2 1 1321 1322 1323 XOR
2 1 1320 1323 1324 XOR
2 1 21 32 1325 AND
2 1 1324 1325 2877 XOR
2 1 0 54 1326 AND
2 1 1 53 1327 AND
2 1 1206 1210 1328 XOR
2 1 1211 1328 1329 AND
2 1 1210 1329 1330 XOR
2 1 1327 1330 1331 XOR
2 1 1326 1331 1332 XOR
2 1 2 52 1333 AND
2 1 1212 1216 1334 XOR
2 1 1217 1334 1335 AND
2 1 1216 1335 1336 XOR
2 1 1333 1336 1337 XOR
2 1 1332 1337 1338 XOR
2 1 3 51 1339 AND
2 1 1218 1222 1340 XOR
2 1 1223 1340 1341 AND
2 1 1222 1341 1342 XOR
2 1 1339 1342 1343 XOR
2 1 1338 1343 1344 XOR
2 1 4 50 1345 AND
2 1 1224 1228 1346 XOR
2 1 1229 1346 1347 AND
2 1 1228 1347 1348 XOR
2 1 1345 1348 1349 XOR
2 1 1344 1349 1350 XOR
2 1 5 49 1351 AND
2 1 1230 1234 1352 XOR
2 1 1235 1352 1353 AND
2 1 1234 1353 1354 XOR
2 1 1351 1354 1355 XOR
2 1 1350 1355 1356 XOR
2 1 6 48 1357 AND
2 1 1236 1240 1358 XOR
2 1 1241 1358 1359 AND
2 1 1240 1359 1360 XOR
2 1 1357 1360 1361 XOR
2 1 1356 1361 1362 XOR
2 1 7 47 1363 AND
2 1 1242 1246 1364 XOR
2 1 1247 1364 1365 AND
2 1 1246 1365 1366 XOR
2 1 1363 1366 1367 XOR
2 1 1362 1367 1368 XOR
2 1 8 46 1369 AND
2 1 1248 1252 1370 XOR
2 1 1253 1370 1371 AND
2 1 1252 1371 1372 XOR
2 1 1369 1372 1373 XOR
2 1 1368 1373 1374 XOR
2 1 9 45 1375 AND
2 1 1254 1258 1376 XOR
2 1 1259 1376 1377 AND
2 1 1258 1377 1378 XOR
2 1 1375 1378 1379 XOR
2 1 1374 1379 1380 XOR
2 1 10 44 1381 AND
2 1 1260 1264 1382 XOR
2 1 1265 1382 1383 AND
2 1 1264 1383 1384 XOR
2 1 1381 1384 1385 XOR
2 1 1380 1385 1386 XOR
2 1 11 43 1387 AND
2 1 1266 1270 1388 XOR
2 1 1271 1388 1389 AND
2 1 1270 1389 1390 XOR
2 1 1387 1390 1391 XOR
2 1 1386 1391 1392 XOR
2 1 12 42 1393 AND
2 1 1272 1276 1394 XOR
2 1 1277 1394 1395 AND
2 1 1276 1395 1396 XOR
2 1 1393 1396 1397 XOR
2 1 1392 1397 1398 XOR
2 1 13 41 1399 AND
2 1 1278 1282 1400 XOR
2 1 1283 1400 1401 AND
2 1 1282 1401 1402 XOR
2 1 1399 1402 1403 XOR
2 1 1398 1403 1404 XOR
2 1 14 40 1405 AND
2 1 1284 1288 1406 XOR
2 1 1289 1406 1407 AND
2 1 1288 1407 1408 XOR
2 1 1405 1408 1409 XOR
2 1 1404 1409 1410 XOR
2 1 15 39 1411 AND
2 1 1290 1294 1412 XOR
2 1 1295 1412 1413 AND
2 1 1294 1413 1414 XOR
2 1 1411 1414 1415 XOR
2 1 1410 1415 1416 XOR
2 1 16 38 1417 AND
2 1 1296 1300 1418 XOR
2 1 1301 1418 1419 AND
2 1 1300 1419 1420 XOR
2 1 1417 1420 1421 XOR
2 1 1416 1421 1422 XOR
2 1 17 37 1423 AND
2 1 1302 1306 1424 XOR
2 1 1307 1424 1425 AND
2 1 1306 1425 1426 XOR
2 1 1423 1426 1427 XOR
2 1 1422 1427 1428 XOR
2 1 18 36 1429 AND
2 1 1308 1312 1430 XOR
2 1 1313 1430 1431 AND
2 1 1312 1431 1432 XOR
2 1 1429 1432 1433 XOR
2 1 1428 1433 1434 XOR
2 1 19 35 1435 AND
2 1 1314 1318 1436 XOR
2 1 1319 1436 1437 AND
2 1 1318 1437 1438 XOR
2 1 1435 1438 1439 XOR
2 1 1434 1439 1440 XOR
2 1 20 34 1441 AND
2 1 1320 1322 1442 XOR
2 1 1323 1442 1443 AND
2 1 1322 1443 1444 XOR
2 1 1441 1444 1445 XOR
2 1 1440 1445 1446 XOR
2 1 21 33 1447 AND
2 1 1324 1325 1448 AND
2 1 1447 1448 1449 XOR
2 1 1446 1449 1450 XOR
2 1 22 32 1451 AND
2 1 1450 1451 2878 XOR
2 1 0 55 1452 AND
2 1 1 54 1453 AND
2 1 1326 1330 1454 XOR
2 1 1331 1454 1455 AND
2 1 1330 1455 1456 XOR
2 1 1453 1456 1457 XOR
2 1 1452 1457 1458 XOR
2 1 2 53 1459 AND
2 1 1332 1336 1460 XOR
2 1 1337 1460 1461 AND
2 1 1336 1461 1462 XOR
2 1 1459 1462 1463 XOR
2 1 1458 1463 1464 XOR
2 1 3 52 1465 AND
2 1 1338 1342 1466 XOR
2 1 1343 1466 1467 AND
2 1 1342 1467 1468 XOR
2 1 1465 1468 1469 XOR
2 1 1464 1469 1470 XOR
2 1 4 51 1471 AND
2 1 1344 1348 1472 XOR
2 1 1349 1472 1473 AND
2 1 1348 1473 1474 XOR
2 1 1471 1474 1475 XOR
2 1 1470 1475 1476 XOR
2 1 5 50 1477 AND
2 1 1350 1354 1478 XOR
2 1 1355 1478 1479 AND
2 1 1354 1479 1480 XOR
2 1 1477 1480 1481 XOR
2 1 1476 1481 1482 XOR
2 1 6 49 1483 AND
2 1 1356 1360 1484 XOR
2 1 1361 1484 1485 AND
2 1 1360 1485 1486 XOR
2 1 1483 1486 1487 XOR
2 1 1482 1487 1488 XOR
2 1 7 48 1489 AND
2 1 1362 1366 1490 XOR
2 1 1367 1490 1491 AND
2 1 1366 1491 1492 XOR
2 1 1489 1492 1493 XOR
2 1 1488 1493 1494 XOR
2 1 8 47 1495 AND
2 1 1368 1372 1496 XOR
2 1 1373 1496 1497 AND
2 1 1372 1497 1498 XOR
2 1 1495 1498 1499 XOR
2 1 1494 1499 1500 XOR
2 1 9 46 1501 AND
2 1 1374 1378 1502 XOR
2 1 1379 1502 1503 AND
2 1 1378 1503 1504 XOR
2 1 1501 1504 1505 XOR
2 1 1500 1505 1506 XOR
2 1 10 45 1507 AND
2 1 1380 1384 1508 XOR
2 1 1385 1508 1509 AND
2 1 1384 1509 1510 XOR
2 1 1507 1510 1511 XOR
2 1 1506 1511 1512 XOR
2 1 11 44 1513 AND
2 1 1386 1390 1514 XOR
2 1 1391 1514 1515 AND
2 1 1390 1515 1516 XOR
2 1 1513 1516 1517 XOR
2 1 1512 1517 1518 XOR
2 1 12 43 1519 AND
2 1 1392 1396 1520 XOR
2 1 1397 1520 1521 AND
2 1 1396 1521 1522 XOR
2 1 1519 1522 1523 XOR
2 1 1518 1523 1524 XOR
2 1 13 42 1525 AND
2 1 1398 1402 1526 XOR
2 1 1403 1526 1527 AND
2 1 1402 1527 1528 XOR
2 1 1525 1528 1529 XOR
2 1 1524 1529 1530 XOR
2 1 14 41 1531 AND
2 1 1404 1408 1532 XOR
2 1 1409 1532 1533 AND
2 1 1408 1533 1534 XOR
2 1 1531 1534 1535 XOR
2 1 1530 1535 1536 XOR
2 1 15 40 1537 AND
2 1 1410 1414 1538 XOR
2 1 1415 1538 1539 AND
2 1 1414 1539 1540 XOR
2 1 1537 1540 1541 XOR
2 1 1536 1541 1542 XOR
2 1 16 39 1543 AND
2 1 1416 1420 1544 XOR
2 1 1421 1544 1545 AND
2 1 1420 1545 1546 XOR
2 1 1543 1546 1547 XOR
2 1 1542 1547 1548 XOR
2 1 17 38 1549 AND
2 1 1422 1426 1550 XOR
2 1 1427 1550 1551 AND
2 1 1426 1551 1552 XOR
2 1 1549 1552 1553 XOR
2 1 1548 1553 1554 XOR
2 1 18 37 1555 AND
2 1 1428 1432 1556 XOR
2 1 1433 1556 1557 AND
2 1 1432 1557 1558 XOR
2 1 1555 1558 1559 XOR
2 1 1554 1559 1560 XOR
2 1 19 36 1561 AND
2 1 1434 1438 1562 XOR
2 1 1439 1562 1563 AND
2 1 1438 1563 1564 XOR
2 1 1561 1564 1565 XOR
2 1 1560 1565 1566 XOR
2 1 20 35 1567 AND
2 1 1440 1444 1568 XOR
2 1 1445 1568 1569 AND
2 1 1444 1569 1570 XOR
2 1 1567 1570 1571 XOR
2 1 1566 1571 1572 XOR
2 1 21 34 1573 AND
2 1 1446 1448 1574 XOR
2 1 1449 1574 1575 AND
2 1 1448 1575 1576 XOR
2 1 1573 1576 1577 XOR
2 1 1572 1577 1578 XOR
2 1 22 33 1579 AND
2 1 1450 1451 1580 AND
2 1 1579 1580 1581 XOR
2 1 1578 1581 1582 XOR
2 1 23 32 1583 AND
2 1 1582 1583 2879 XOR
2 1 0 56 1584 AND
2 1 1 55 1585 AND
2 1 1452 1456 1586 XOR
2 1 1457 1586 1587 AND
2 1 1456 1587 1588 XOR
2 1 1585 1588 1589 XOR
2 1 1584 1589 1590 XOR
2 1 2 54 1591 AND
2 1 1458 1462 1592 XOR
2 1 1463 1592 1593 AND
2 1 1462 1593 1594 XOR
2 1 1591 1594 1595 XOR
2 1 1590 1595 1596 XOR
2 1 3 53 1597 AND
2 1 1464 1468 1598 XOR
2 1 1469 1598 1599 AND
2 1 1468 1599 1600 XOR
2 1 1597 1600 1601 XOR
2 1 1596 1601 1602 XOR
2 1 4 52 1603 AND
2 1 1470 1474 1604 XOR
2 1 1475 1604 1605 AND
2 1 1474 1605 1606 XOR
2 1 1603 1606 1607 XOR
2 1 1602 1607 1608 XOR
2 1 5 51 1609 AND
2 1 1476 1480 1610 XOR
2 1 1481 1610 1611 AND
2 1 1480 1611 1612 XOR
2 1 1609 1612 1613 XOR
2 1 1608 1613 1614 XOR
2 1 6 50 1615 AND
2 1 1482 1486 1616 XOR
2 1 1487 1616 1617 AND
2 1 1486 1617 1618 XOR
2 1 1615 1618 1619 XOR
2 1 1614 1619 1620 XOR
2 1 7 49 1621 AND
2 1 1488 1492 1622 XOR
2 1 1493 1622 1623 AND
2 1 1492 1623 1624 XOR
2 1 1621 1624 1625 XOR
2 1 1620 1625 1626 XOR
2 1 8 48 1627 AND
2 1 1494 1498 1628 XOR
2 1 1499 1628 1629 AND
2 1 1498 1629 1630 XOR
2 1 1627 1630 1631 XOR
2 1 1626 1631 1632 XOR
2 1 9 47 1633 AND
2 1 1500 1504 1634 XOR
2 1 1505 1634 1635 AND
2 1 1504 1635 1636 XOR
2 1 1633 1636 1637 XOR
2 1 1632 1637 1638 XOR
2 1 10 46 1639 AND
2 1 1506 1510 1640 XOR
2 1 1511 1640 1641 AND
2 1 1510 1641 1642 XOR
2 1 1639 1642 1643 XOR
2 1 1638 1643 1644 XOR
2 1 11 45 1645 AND
2 1 1512 1516 1646 XOR
2 1 1517 1646 1647 AND
2 1 1516 1647 1648 XOR
2 1 1645 1648 1649 XOR
2 1 1644 1649 1650 XOR
2 1 12 44 1651 AND
2 1 1518 1522 1652 XOR
2 1 1523 1652 1653 AND
2 1 1522 1653 1654 XOR
2 1 1651 1654 1655 XOR
2 1 1650 1655 1656 XOR
2 1 13 43 1657 AND
2 1 1524 1528 1658 XOR
2 1 1529 1658 1659 AND
2 1 1528 1659 1660 XOR
2 1 1657 1660 1661 XOR
2 1 1656 1661 1662 XOR
2 1 14 42 1663 AND
2 1 1530 1534 1664 XOR
2 1 1535 1664 1665 AND
2 1 1534 1665 1666 XOR
2 1 1663 1666 1667 XOR
2 1 1662 1667 1668 XOR
2 1 15 41 1669 AND
2 1 1536 1540 1670 XOR
2 1 1541 1670 1671 AND
2 1 1540 1671 1672 XOR
2 1 1669 1672 1673 XOR
2 1 1668 1673 1674 XOR
2 1 16 40 1675 AND
2 1 1542 1546 1676 XOR
2 1 1547 1676 1677 AND
2 1 1546 1677 1678 XOR
2 1 1675 1678 1679 XOR
2 1 1674 1679 1680 XOR
2 1 17 39 1681 AND
2 1 1548 1552 1682 XOR
2 1 1553 1682 1683 AND
2 1 1552 1683 1684 XOR
2 1 1681 1684 1685 XOR
2 1 1680 1685 1686 XOR
2 1 18 38 1687 AND
2 1 1554 1558 1688 XOR
2 1 1559 1688 1689 AND
2 1 1558 1689 1690 XOR
2 1 1687 1690 1691 XOR
2 1 1686 1691 1692 XOR
2 1 19 37 1693 AND
2 1 1560 1564 1694 XOR
2 1 1565 1694 1695 AND
2 1 1564 1695 1696 XOR
2 1 1693 1696 1697 XOR
2 1 1692 1697 1698 XOR
2 1 20 36 1699 AND
2 1 1566 1570 1700 XOR
2 1 1571 1700 1701 AND
2 1 1570 1701 1702 XOR
2 1 1699 1702 1703 XOR
2 1 1698 1703 1704 XOR
2 1 21 35 1705 AND
2 1 1572 1576 1706 XOR
2 1 1577 1706 1707 AND
2 1 1576 1707 1708 XOR
2 1 1705 1708 1709 XOR
2 1 1704 1709 1710 XOR
2 1 22 34 1711 AND
2 1 1578 1580 1712 XOR
2 1 1581 1712 1713 AND
2 1 1580 1713 1714 XOR
2 1 1711 1714 1715 XOR
2 1 1710 1715 1716 XOR
2 1 23 33 1717 AND
2 1 1582 1583 1718 AND
2 1 1717 1718 1719 XOR
2 1 1716 1719 1720 XOR
2 1 24 32 1721 AND
2 1 1720 1721 2880 XOR
2 1 0 57 1722 AND
2 1 1 56 1723 AND
2 1 1584 1588 1724 XOR
2 1 1589 1724 1725 AND
2 1 1588 1725 1726 XOR
2 1 1723 1726 1727 XOR
2 1 1722 1727 1728 XOR
2 1 2 55 1729 AND
2 1 1590 1594 1730 XOR
2 1 1595 1730 1731 AND
2 1 1594 1731 1732 XOR
2 1 1729 1732 1733 XOR
2 1 1728 1733 1734 XOR
2 1 3 54 1735 AND
2 1 1596 1600 1736 XOR
2 1 1601 1736 1737 AND
2 1 1600 1737 1738 XOR
2 1 1735 1738 1739 XOR
2 1 1734 1739 1740 XOR
2 1 4 53 1741 AND
2 1 1602 1606 1742 XOR
2 1 1607 1742 1743 AND
2 1 1606 1743 1744 XOR
2 1 1741 1744 1745 XOR
2 1 1740 1745 1746 XOR
2 1 5 52 1747 AND
2 1 1608 1612 1748 XOR
2 1 1613 1748 1749 AND
2 1 1612 1749 1750 XOR
2 1 1747 1750 1751 XOR
2 1 1746 1751 1752 XOR
2 1 6 51 1753 AND
2 1 1614 1618 1754 XOR
2 1 1619 1754 1755 AND
2 1 1618 1755 1756 XOR
2 1 1753 1756 1757 XOR
2 1 1752 1757 1758 XOR
2 1 7 50 1759 AND
2 1 1620 1624 1760 XOR
2 1 1625 1760 1761 AND
2 1 1624 1761 1762 XOR
2 1 1759 1762 1763 XOR
2 1 1758 1763 1764 XOR
2 1 8 49 1765 AND
2 1 1626 1630 1766 XOR
2 1 1631 1766 1767 AND
2 1 1630 1767 1768 XOR
2 1 1765 1768 1769 XOR
2 1 1764 1769 1770 XOR
2 1 9 48 1771 AND
2 1 1632 1636 1772 XOR
2 1 1637 1772 1773 AND
2 1 1636 1773 1774 XOR
2 1 1771 1774 1775 XOR
2 1 1770 1775 1776 XOR
2 1 10 47 1777 AND
2 1 1638 1642 1778 XOR
2 1 1643 1778 1779 AND
2 1 1642 1779 1780 XOR
2 1 1777 1780 1781 XOR
2 1 1776 1781 1782 XOR
2 1 11 46 1783 AND
2 1 1644 1648 1784 XOR
2 1 1649 1784 1785 AND
2 1 1648 1785 1786 XOR
2 1 1783 1786 1787 XOR
2 1 1782 1787 1788 XOR
2 1 12 45 1789 AND
2 1 1650 1654 1790 XOR
2 1 1655 1790 1791 AND
2 1 1654 1791 1792 XOR
2 1 1789 1792 1793 XOR
2 1 1788 1793 1794 XOR
2 1 13 44 1795 AND
2 1 1656 1660 1796 XOR
2 1 1661 1796 1797 AND
2 1 1660 1797 1798 XOR
2 1 1795 1798 1799 XOR
2 1 1794 1799 1800 XOR
2 1 14 43 1801 AND
2 1 1662 1666 1802 XOR
2 1 1667 1802 1803 AND
2 1 1666 1803 1804 XOR
2 1 1801 1804 1805 XOR
2 1 1800 1805 1806 XOR
2 1 15 42 1807 AND
2 1 1668 1672 1808 XOR
2 1 1673 1808 1809 AND
2 1 1672 1809 1810 XOR
2 1 1807 1810 1811 XOR
2 1 1806 1811 1812 XOR
2 1 16 41 1813 AND
2 1 1674 1678 1814 XOR
2 1 1679 1814 1815 AND
2 1 1678 1815 1816 XOR
2 1 1813 1816 1817 XOR
2 1 1812 1817 1818 XOR
2 1 17 40 1819 AND
2 1 1680 1684 1820 XOR
2 1 1685 1820 1821 AND
2 1 1684 1821 1822 XOR
2 1 1819 1822 1823 XOR
2 1 1818 1823 1824 XOR
2 1 18 39 1825 AND
2 1 1686 1690 1826 XOR
2 1 1691 1826 1827 AND
2 1 1690 1827 1828 XOR
2 1 1825 1828 1829 XOR
2 1 1824 1829 1830 XOR
2 1 19 38 1831 AND
2 1 1692 1696 1832 XOR
2 1 1697 1832 1833 AND
2 1 1696 1833 1834 XOR
2 1 1831 1834 1835 XOR
2 1 1830 1835 1836 XOR
2 1 20 37 1837 AND
2 1 1698 1702 1838 XOR
2 1 1703 1838 1839 AND
2 1 1702 1839 1840 XOR
2 1 1837 1840 1841 XOR
2 1 1836 1841 1842 XOR
2 1 21 36 1843 AND
2 1 1704 1708 1844 XOR
2 1 1709 1844 1845 AND
2 1 1708 1845 1846 XOR
2 1 1843 1846 1847 XOR
2 1 1842 1847 1848 XOR
2 1 22 35 1849 AND
2 1 1710 1714 1850 XOR
2 1 1715 1850 1851 AND
2 1 1714 1851 1852 XOR
2 1 1849 1852 1853 XOR
2 1 1848 1853 1854 XOR
2 1 23 34 1855 AND
2 1 1716 1718 1856 XOR
2 1 1719 1856 1857 AND
2 1 1718 1857 1858 XOR
2 1 1855 1858 1859 XOR
2 1 1854 1859 1860 XOR
2 1 24 33 1861 AND
2 1 1720 1721 1862 AND
2 1 1861 1862 1863 XOR
2 1 1860 1863 1864 XOR
2 1 25 32 1865 AND
2 1 1864 1865 2881 XOR
2 1 0 58 1866 AND
2 1 1 57 1867 AND
2 1 1722 1726 1868 XOR
2 1 1727 1868 1869 AND
2 1 1726 1869 1870 XOR
2 1 1867 1870 1871 XOR
2 1 1866 1871 1872 XOR
2 1 2 56 1873 AND
2 1 1728 1732 1874 XOR
2 1 1733 1874 1875 AND
2 1 1732 1875 1876 XOR
2 1 1873 1876 1877 XOR
2 1 1872 1877 1878 XOR
2 1 3 55 1879 AND
2 1 1734 1738 1880 XOR
2 1 1739 1880 1881 AND
2 1 1738 1881 1882 XOR
2 1 1879 1882 1883 XOR
2 1 1878 1883 1884 XOR
2 1 4 54 1885 AND
2 1 1740 1744 1886 XOR
2 1 1745 1886 1887 AND
2 1 1744 1887 1888 XOR
2 1 1885 1888 1889 XOR
2 1 1884 1889 1890 XOR
2 1 5 53 1891 AND
2 1 1746 1750 1892 XOR
2 1 1751 1892 1893 AND
2 1 1750 1893 1894 XOR
2 1 1891 1894 1895 XOR
2 1 1890 1895 1896 XOR
2 1 6 52 1897 AND
2 1 1752 1756 1898 XOR
2 1 1757 1898 1899 AND
2 1 1756 1899 1900 XOR
2 1 1897 1900 1901 XOR
2 1 1896 1901 1902 XOR
2 1 7 51 1903 AND
2 1 1758 1762 1904 XOR
2 1 1763 1904 1905 AND
2 1 1762 1905 1906 XOR
2 1 1903 1906 1907 XOR
2 1 1902 1907 1908 XOR
2 1 8 50 1909 AND
2 1 1764 1768 1910 XOR
2 1 1769 1910 1911 AND
2 1 1768 1911 1912 XOR
2 1 1909 1912 1913 XOR
2 1 1908 1913 1914 XOR
2 1 9 49 1915 AND
2 1 1770 1774 1916 XOR
2 1 1775 1916 1917 AND
2 1 1774 1917 1918 XOR
2 1 1915 1918 1919 XOR
2 1 1914 1919 1920 XOR
2 1 10 48 1921 AND
2 1 1776 1780 1922 XOR
2 1 1781 1922 1923 AND
2 1 1780 1923 1924 XOR
2 1 1921 1924 1925 XOR
2 1 1920 1925 1926 XOR
2 1 11 47 1927 AND
2 1 1782 1786 1928 XOR
2 1 1787 1928 1929 AND
2 1 1786 1929 1930 XOR
2 1 1927 1930 1931 XOR
2 1 1926 1931 1932 XOR
2 1 12 46 1933 AND
2 1 1788 1792 1934 XOR
2 1 1793 1934 1935 AND
2 1 1792 1935 1936 XOR
2 1 1933 1936 1937 XOR
2 1 1932 1937 1938 XOR
2 1 13 45 1939 AND
2 1 1794 1798 1940 XOR
2 1 1799 1940 1941 AND
2 1 1798 1941 1942 XOR
2 1 1939 1942 1943 XOR
2 1 1938 1943 1944 XOR
2 1 14 44 1945 AND
2 1 1800 1804 1946 XOR
2 1 1805 1946 1947 AND
2 1 1804 1947 1948 XOR
2 1 1945 1948 1949 XOR
2 1 1944 1949 1950 XOR
2 1 15 43 1951 AND
2 1 1806 1810 1952 XOR
2 1 1811 1952 1953 AND
2 1 1810 1953 1954 XOR
2 1 1951 1954 1955 XOR
2 1 1950 1955 1956 XOR
2 1 16 42 1957 AND
2 1 1812 1816 1958 XOR
2 1 1817 1958 1959 AND
2 1 1816 1959 1960 XOR
2 1 1957 1960 1961 XOR
2 1 1956 1961 1962 XOR
2 1 17 41 1963 AND
2 1 1818 1822 1964 XOR
2 1 1823 1964 1965 AND
2 1 1822 1965 1966 XOR
2 1 1963 1966 1967 XOR
2 1 1962 1967 1968 XOR
2 1 18 40 1969 AND
2 1 1824 1828 1970 XOR
2 1 1829 1970 1971 AND
2 1 1828 1971 1972 XOR
2 1 1969 1972 1973 XOR
2 1 1968 1973 1974 XOR
2 1 19 39 1975 AND
2 1 1830 1834 1976 XOR
2 1 1835 1976 1977 AND
2 1 1834 1977 1978 XOR
2 1 1975 1978 1979 XOR
2 1 1974 1979 1980 XOR
2 1 20 38 1981 AND
2 1 1836 1840 1982 XOR
2 1 1841 1982 1983 AND
2 1 1840 1983 1984 XOR
2 1 1981 1984 1985 XOR
2 1 1980 1985 1986 XOR
2 1 21 37 1987 AND
2 1 1842 1846 1988 XOR
2 1 1847 1988 1989 AND
2 1 1846 1989 1990 XOR
2 1 1987 1990 1991 XOR
2 1 1986 1991 1992 XOR
2 1 22 36 1993 AND
2 1 1848 1852 1994 XOR
2 1 1853 1994 1995 AND
2 1 1852 1995 1996 XOR
2 1 1993 1996 1997 XOR
2 1 1992 1997 1998 XOR
2 1 23 35 1999 AND
2 1 1854 1858 2000 XOR
2 1 1859 2000 2001 AND
2 1 1858 2001 2002 XOR
2 1 1999 2002 2003 XOR
2 1 1998 2003 2004 XOR
2 1 24 34 2005 AND
2 1 1860 1862 2006 XOR
2 1 1863 2006 2007 AND
2 1 1862 2007 2008 XOR
2 1 2005 2008 2009 XOR
2 1 2004 2009 2010 XOR
2 1 25 33 2011 AND
2 1 1864 1865 2012 AND
2 1 2011 2012 2013 XOR
2 1 2010 2013 2014 XOR
2 1 26 32 2015 AND
2 1 2014 2015 2882 XOR
2 1 0 59 2016 AND
2 1 1 58 2017 AND
2 1 1866 1870 2018 XOR
2 1 1871 2018 2019 AND
2 1 1870 2019 2020 XOR
2 1 2017 2020 2021 XOR
2 1 2016 2021 2022 XOR
2 1 2 57 2023 AND
2 1 1872 1876 2024 XOR
2 1 1877 2024 2025 AND
2 1 1876 2025 2026 XOR
2 1 2023 2026 2027 XOR
2 1 2022 2027 2028 XOR
2 1 3 56 2029 AND
2 1 1878 1882 2030 XOR
2 1 1883 2030 2031 AND
2 1 1882 2031 2032 XOR
2 1 2029 2032 2033 XOR
2 1 2028 2033 2034 XOR
2 1 4 55 2035 AND
2 1 1884 1888 2036 XOR
2 1 1889 2036 2037 AND
2 1 1888 2037 2038 XOR
2 1 2035 2038 2039 XOR
2 1 2034 2039 2040 XOR
2 1 5 54 2041 AND
2 1 1890 1894 2042 XOR
2 1 1895 2042 2043 AND
2 1 1894 2043 2044 XOR
2 1 2041 2044 2045 XOR
2 1 2040 2045 2046 XOR
2 1 6 53 2047 AND
2 1 1896 1900 2048 XOR
2 1 1901 2048 2049 AND
2 1 1900 2049 2050 XOR
2 1 2047 2050 2051 XOR
2 1 2046 2051 2052 XOR
2 1 7 52 2053 AND
2 1 1902 1906 2054 XOR
2 1 1907 2054 2055 AND
2 1 1906 2055 2056 XOR
2 1 2053 2056 2057 XOR
2 1 2052 2057 2058 XOR
2 1 8 51 2059 AND
2 1 1908 1912 2060 XOR
2 1 1913 2060 2061 AND
2 1 1912 2061 2062 XOR
2 1 2059 2062 2063 XOR
2 1 2058 2063 2064 XOR
2 1 9 50 2065 AND
2 1 1914 1918 2066 XOR
2 1 1919 2066 2067 AND
2 1 1918 2067 2068 XOR
2 1 2065 2068 2069 XOR
2 1 2064 2069 2070 XOR
2 1 10 49 2071 AND
2 1 1920 1924 2072 XOR
2 1 1925 2072 2073 AND
2 1 1924 2073 2074 XOR
2 1 2071 2074 2075 XOR
2 1 2070 2075 2076 XOR
2 1 11 48 2077 AND
2 1 1926 1930 2078 XOR
2 1 1931 2078 2079 AND
2 1 1930 2079 2080 XOR
2 1 2077 2080 2081 XOR
2 1 2076 2081 2082 XOR
2 1 12 47 2083 AND
2 1 1932 1936 2084 XOR
2 1 1937 2084 2085 AND
2 1 1936 2085 2086 XOR
2 1 2083 2086 2087 XOR
2 1 2082 2087 2088 XOR
2 1 13 46 2089 AND
2 1 1938 1942 2090 XOR
2 1 1943 2090 2091 AND
2 1 1942 2091 2092 XOR
2 1 2089 2092 2093 XOR
2 1 2088 2093 2094 XOR
2 1 14 45 2095 AND
2 1 1944 1948 2096 XOR
2 1 1949 2096 2097 AND
2 1 1948 2097 2098 XOR
2 1 2095 2098 2099 XOR
2 1 2094 2099 2100 XOR
2 1 15 44 2101 AND
2 1 1950 1954 2102 XOR
2 1 1955 2102 2103 AND
2 1 1954 2103 2104 XOR
2 1 2101 2104 2105 XOR
2 1 2100 2105 2106 XOR
2 1 16 43 2107 AND
2 1 1956 1960 2108 XOR
2 1 1961 2108 2109 AND
2 1 1960 2109 2110 XOR
2 1 2107 2110 2111 XOR
2 1 2106 2111 2112 XOR
2 1 17 42 2113 AND
2 1 1962 1966 2114 XOR
2 1 1967 2114 2115 AND
2 1 1966 2115 2116 XOR
2 1 2113 2116 2117 XOR
2 1 2112 2117 2118 XOR
2 1 18 41 2119 AND
2 1 1968 1972 2120 XOR
2 1 1973 2120 2121 AND
2 1 1972 2121 2122 XOR
2 1 2119 2122 2123 XOR
2 1 2118 2123 2124 XOR
2 1 19 40 2125 AND
2 1 1974 1978 2126 XOR
2 1 1979 2126 2127 AND
2 1 1978 2127 2128 XOR
2 1 2125 2128 2129 XOR
2 1 2124 2129 2130 XOR
2 1 20 39 2131 AND
2 1 1980 1984 2132 XOR
2 1 1985 2132 2133 AND
2 1 1984 2133 2134 XOR
2 1 2131 2134 2135 XOR
2 1 2130 2135 2136 XOR
2 1 21 38 2137 AND
2 1 1986 1990 2138 XOR
2 1 1991 2138 2139 AND
2 1 1990 2139 2140 XOR
2 1 2137 2140 2141 XOR
2 1 2136 2141 2142 XOR
2 1 22 37 2143 AND
2 1 1992 1996 2144 XOR
2 1 1997 2144 2145 AND
2 1 1996 2145 2146 XOR
2 1 2143 2146 2147 XOR
2 1 2142 2147 2148 XOR
2 1 23 36 2149 AND
2 1 1998 2002 2150 XOR
2 1 2003 2150 2151 AND
2 1 2002 2151 2152 XOR
2 1 2149 2152 2153 XOR
2 1 2148 2153 2154 XOR
2 1 24 35 2155 AND
2 1 2004 2008 2156 XOR
2 1 2009 2156 2157 AND
2 1 2008 2157 2158 XOR
2 1 2155 2158 2159 XOR
2 1 2154 2159 2160 XOR
2 1 25 34 2161 AND
2 1 2010 2012 2162 XOR
2 1 2013 2162 2163 AND
2 1 2012 2163 2164 XOR
2 1 2161 2164 2165 XOR
2 1 2160 2165 2166 XOR
2 1 26 33 2167 AND
2 1 2014 2015 2168 AND
2 1 2167 2168 2169 XOR
2 1 2166 2169 2170 XOR
2 1 27 32 2171 AND
2 1 2170 2171 2883 XOR
2 1 0 60 2172 AND
2 1 1 59 2173 AND
2 1 2016 2020 2174 XOR
2 1 2021 2174 2175 AND
2 1 2020 2175 2176 XOR
2 1 2173 2176 2177 XOR
2 1 2172 2177 2178 XOR
2 1 2 58 2179 AND
2 1 2022 2026 2180 XOR
2 1 2027 2180 2181 AND
2 1 2026 2181 2182 XOR
2 1 2179 2182 2183 XOR
2 1 2178 2183 2184 XOR
2 1 3 57 2185 AND
2 1 2028 2032 2186 XOR
2 1 2033 2186 2187 AND
2 1 2032 2187 2188 XOR
2 1 2185 2188 2189 XOR
2 1 2184 2189 2190 XOR
2 1 4 56 2191 AND
2 1 2034 2038 2192 XOR
2 1 2039 2192 2193 AND
2 1 2038 2193 2194 XOR
2 1 2191 2194 2195 XOR
2 1 2190 2195 2196 XOR
2 1 5 55 2197 AND
2 1 2040 2044 2198 XOR
2 1 2045 2198 2199 AND
2 1 2044 2199 2200 XOR
2 1 2197 2200 2201 XOR
2 1 2196 2201 2202 XOR
2 1 6 54 2203 AND
2 1 2046 2050 2204 XOR
2 1 2051 2204 2205 AND
2 1 2050 2205 2206 XOR
2 1 2203 2206 2207 XOR
2 1 2202 2207 2208 XOR
2 1 7 53 2209 AND
2 1 2052 2056 2210 XOR
2 1 2057 2210 2211 AND
2 1 2056 2211 2212 XOR
2 1 2209 2212 2213 XOR
2 1 2208 2213 2214 XOR
2 1 8 52 2215 AND
2 1 2058 2062 2216 XOR
2 1 2063 2216 2217 AND
2 1 2062 2217 2218 XOR
2 1 2215 2218 2219 XOR
2 1 2214 2219 2220 XOR
2 1 9 51 2221 AND
2 1 2064 2068 2222 XOR
2 1 2069 2222 2223 AND
2 1 2068 2223 2224 XOR
2 1 2221 2224 2225 XOR
2 1 2220 2225 2226 XOR
2 1 10 50 2227 AND
2 1 2070 2074 2228 XOR
2 1 2075 2228 2229 AND
2 1 2074 2229 2230 XOR
2 1 2227 2230 2231 XOR
2 1 2226 2231 2232 XOR
2 1 11 49 2233 AND
2 1 2076 2080 2234 XOR
2 1 2081 2234 2235 AND
2 1 2080 2235 2236 XOR
2 1 2233 2236 2237 XOR
2 1 2232 2237 2238 XOR
2 1 12 48 2239 AND
2 1 2082 2086 2240 XOR
2 1 2087 2240 2241 AND
2 1 2086 2241 2242 XOR
2 1 2239 2242 2243 XOR
2 1 2238 2243 2244 XOR
2 1 13 47 2245 AND
2 1 2088 2092 2246 XOR
2 1 2093 2246 2247 AND
2 1 2092 2247 2248 XOR
2 1 2245 2248 2249 XOR
2 1 2244 2249 2250 XOR
2 1 14 46 2251 AND
2 1 2094 2098 2252 XOR
2 1 2099 2252 2253 AND
2 1 2098 2253 2254 XOR
2 1 2251 2254 2255 XOR
2 1 2250 2255 2256 XOR
2 1 15 45 2257 AND
2 1 2100 2104 2258 XOR
2 1 2105 2258 2259 AND
2 1 2104 2259 2260 XOR
2 1 2257 2260 2261 XOR
2 1 2256 2261 2262 XOR
2 1 16 44 2263 AND
2 1 2106 2110 2264 XOR
2 1 2111 2264 2265 AND
2 1 2110 2265 2266 XOR
2 1 2263 2266 2267 XOR
2 1 2262 2267 2268 XOR
2 1 17 43 2269 AND
2 1 2112 2116 2270 XOR
2 1 2117 2270 2271 AND
2 1 2116 2271 2272 XOR
2 1 2269 2272 2273 XOR
2 1 2268 2273 2274 XOR
2 1 18 42 2275 AND
2 1 2118 2122 2276 XOR
2 1 2123 2276 2277 AND
2 1 2122 2277 2278 XOR
2 1 2275 2278 2279 XOR
2 1 2274 2279 2280 XOR
2 1 19 41 2281 AND
2 1 2124 2128 2282 XOR
2 1 2129 2282 2283 AND
2 1 2128 2283 2284 XOR
2 1 2281 2284 2285 XOR
2 1 2280 2285 2286 XOR
2 1 20 40 2287 AND
2 1 2130 2134 2288 XOR
2 1 2135 2288 2289 AND
2 1 2134 2289 2290 XOR
2 1 2287 2290 2291 XOR
2 1 2286 2291 2292 XOR
2 1 21 39 2293 AND
2 1 2136 2140 2294 XOR
2 1 2141 2294 2295 AND
2 1 2140 2295 2296 XOR
2 1 2293 2296 2297 XOR
2 1 2292 2297 2298 XOR
2 1 22 38 2299 AND
2 1 2142 2146 2300 XOR
2 1 2147 2300 2301 AND
2 1 2146 2301 2302 XOR
2 1 2299 2302 2303 XOR
2 1 2298 2303 2304 XOR
2 1 23 37 2305 AND
2 1 2148 2152 2306 XOR
2 1 2153 2306 2307 AND
2 1 2152 2307 2308 XOR
2 1 2305 2308 2309 XOR
2 1 2304 2309 2310 XOR
2 1 24 36 2311 AND
2 1 2154 2158 2312 XOR
2 1 2159 2312 2313 AND
2 1 2158 2313 2314 XOR
2 1 2311 2314 2315 XOR
2 1 2310 2315 2316 XOR
2 1 25 35 2317 AND
2 1 2160 2164 2318 XOR
2 1 2165 2318 2319 AND
2 1 2164 2319 2320 XOR
2 1 2317 2320 2321 XOR
2 1 2316 2321 2322 XOR
2 1 26 34 2323 AND
2 1 2166 2168 2324 XOR
2 1 2169 2324 2325 AND
2 1 2168 2325 2326 XOR
2 1 2323 2326 2327 XOR
2 1 2322 2327 2328 XOR
2 1 27 33 2329 AND
2 1 2170 2171 2330 AND
2 1 2329 2330 2331 XOR
2 1 2328 2331 2332 XOR
2 1 28 32 2333 AND
2 1 2332 2333 2884 XOR
2 1 0 61 2334 AND
2 1 1 60 2335 AND
2 1 2172 2176 2336 XOR
2 1 2177 2336 2337 AND
2 1 2176 2337 2338 XOR
2 1 2335 2338 2339 XOR
2 1 2334 2339 2340 XOR
2 1 2 59 2341 AND
2 1 2178 2182 2342 XOR
2 1 2183 2342 2343 AND
2 1 2182 2343 2344 XOR
2 1 2341 2344 2345 XOR
2 1 2340 2345 2346 XOR
2 1 3 58 2347 AND
2 1 2184 2188 2348 XOR
2 1 2189 2348 2349 AND
2 1 2188 2349 2350 XOR
2 1 2347 2350 2351 XOR
2 1 2346 2351 2352 XOR
2 1 4 57 2353 AND
2 1 2190 2194 2354 XOR
2 1 2195 2354 2355 AND
2 1 2194 2355 2356 XOR
2 1 2353 2356 2357 XOR
2 1 2352 2357 2358 XOR
2 1 5 56 2359 AND
2 1 2196 2200 2360 XOR
2 1 2201 2360 2361 AND
2 1 2200 2361 2362 XOR
2 1 2359 2362 2363 XOR
2 1 2358 2363 2364 XOR
2 1 6 55 2365 AND
2 1 2202 2206 2366 XOR
2 1 2207 2366 2367 AND
2 1 2206 2367 2368 XOR
2 1 2365 2368 2369 XOR
2 1 2364 2369 2370 XOR
2 1 7 54 2371 AND
2 1 2208 2212 2372 XOR
2 1 2213 2372 2373 AND
2 1 2212 2373 2374 XOR
2 1 2371 2374 2375 XOR
2 1 2370 2375 2376 XOR
2 1 8 53 2377 AND
2 1 2214 2218 2378 XOR
2 1 2219 2378 2379 AND
2 1 2218 2379 2380 XOR
2 1 2377 2380 2381 XOR
2 1 2376 2381 2382 XOR
2 1 9 52 2383 AND
2 1 2220 2224 2384 XOR
2 1 2225 2384 2385 AND
2 1 2224 2385 2386 XOR
2 1 2383 2386 2387 XOR
2 1 2382 2387 2388 XOR
2 1 10 51 2389 AND
2 1 2226 2230 2390 XOR
2 1 2231 2390 2391 AND
2 1 2230 2391 2392 XOR
2 1 2389 2392 2393 XOR
2 1 2388 2393 2394 XOR
2 1 11 50 2395 AND
2 1 2232 2236 2396 XOR
2 1 2237 2396 2397 AND
2 1 2236 2397 2398 XOR
2 1 2395 2398 2399 XOR
2 1 2394 2399 2400 XOR
2 1 12 49 2401 AND
2 1 2238 2242 2402 XOR
2 1 2243 2402 2403 AND
2 1 2242 2403 2404 XOR
2 1 2401 2404 2405 XOR
2 1 2400 2405 2406 XOR
2 1 13 48 2407 AND
2 1 2244 2248 2408 XOR
2 1 2249 2408 2409 AND
2 1 2248 2409 2410 XOR
2 1 2407 2410 2411 XOR
2 1 2406 2411 2412 XOR
2 1 14 47 2413 AND
2 1 2250 2254 2414 XOR
2 1 2255 2414 2415 AND
2 1 2254 2415 2416 XOR
2 1 2413 2416 2417 XOR
2 1 2412 2417 2418 XOR
2 1 15 46 2419 AND
2 1 2256 2260 2420 XOR
2 1 2261 2420 2421 AND
2 1 2260 2421 2422 XOR
2 1 2419 2422 2423 XOR
2 1 2418 2423 2424 XOR
2 1 16 45 2425 AND
2 1 2262 2266 2426 XOR
2 1 2267 2426 2427 AND
2 1 2266 2427 2428 XOR
2 1 2425 2428 2429 XOR
2 1 2424 2429 2430 XOR
2 1 17 44 2431 AND
2 1 2268 2272 2432 XOR
2 1 2273 2432 2433 AND
2 1 2272 2433 2434 XOR
2 1 2431 2434 2435 XOR
2 1 2430 2435 2436 XOR
2 1 18 43 2437 AND
2 1 2274 2278 2438 XOR
2 1 2279 2438 2439 AND
2 1 2278 2439 2440 XOR
2 1 2437 2440 2441 XOR
2 1 2436 2441 2442 XOR
2 1 19 42 2443 AND
2 1 2280 2284 2444 XOR
2 1 2285 2444 2445 AND
2 1 2284 2445 2446 XOR
2 1 2443 2446 2447 XOR
2 1 2442 2447 2448 XOR
2 1 20 41 2449 AND
2 1 2286 2290 2450 XOR
2 1 2291 2450 2451 AND
2 1 2290 2451 2452 XOR
2 1 2449 2452 2453 XOR
2 1 2448 2453 2454 XOR
2 1 21 40 2455 AND
2 1 2292 2296 2456 XOR
2 1 2297 2456 2457 AND
2 1 2296 2457 2458 XOR
2 1 2455 2458 2459 XOR
2 1 2454 2459 2460 XOR
2 1 22 39 2461 AND
2 1 2298 2302 2462 XOR
2 1 2303 2462 2463 AND
2 1 2302 2463 2464 XOR
2 1 2461 2464 2465 XOR
2 1 2460 2465 2466 XOR
2 1 23 38 2467 AND
2 1 2304 2308 2468 XOR
2 1 2309 2468 2469 AND
2 1 2308 2469 2470 XOR
2 1 2467 2470 2471 XOR
2 1 2466 2471 2472 XOR
2 1 24 37 2473 AND
2 1 2310 2314 2474 XOR
2 1 2315 2474 2475 AND
2 1 2314 2475 2476 XOR
2 1 2473 2476 2477 XOR
2 1 2472 2477 2478 XOR
2 1 25 36 2479 AND
2 1 2316 2320 2480 XOR
2 1 2321 2480 2481 AND
2 1 2320 2481 2482 XOR
2 1 2479 2482 2483 XOR
2 1 2478 2483 2484 XOR
2 1 26 35 2485 AND
2 1 2322 2326 2486 XOR
2 1 2327 2486 2487 AND
2 1 2326 2487 2488 XOR
2 1 2485 2488 2489 XOR
2 1 2484 2489 2490 XOR
2 1 27 34 2491 AND
2 1 2328 2330 2492 XOR
2 1 2331 2492 2493 AND
2 1 2330 2493 2494 XOR
2 1 2491 2494 2495 XOR
2 1 2490 2495 2496 XOR
2 1 28 33 2497 AND
2 1 2332 2333 2498 AND
2 1 2497 2498 2499 XOR
2 1 2496 2499 2500 XOR
2 1 29 32 2501 AND
2 1 2500 2501 2885 XOR
2 1 0 62 2502 AND
2 1 1 61 2503 AND
2 1 2334 2338 2504 XOR
2 1 2339 2504 2505 AND
2 1 2338 2505 2506 XOR
2 1 2503 2506 2507 XOR
2 1 2502 2507 2508 XOR
2 1 2 60 2509 AND
2 1 2340 2344 2510 XOR
2 1 2345 2510 2511 AND
2 1 2344 2511 2512 XOR
2 1 2509 2512 2513 XOR
2 1 2508 2513 2514 XOR
2 1 3 59 2515 AND
2 1 2346 2350 2516 XOR
2 1 2351 2516 2517 AND
2 1 2350 2517 2518 XOR
2 1 2515 2518 2519 XOR
2 1 2514 2519 2520 XOR
2 1 4 58 2521 AND
2 1 2352 2356 2522 XOR
2 1 2357 2522 2523 AND
2 1 2356 2523 2524 XOR
2 1 2521 2524 2525 XOR
2 1 2520 2525 2526 XOR
2 1 5 57 2527 AND
2 1 2358 2362 2528 XOR
2 1 2363 2528 2529 AND
2 1 2362 2529 2530 XOR
2 1 2527 2530 2531 XOR
2 1 2526 2531 2532 XOR
2 1 6 56 2533 AND
2 1 2364 2368 2534 XOR
2 1 2369 2534 2535 AND
2 1 2368 2535 2536 XOR
2 1 2533 2536 2537 XOR
2 1 2532 2537 2538 XOR
2 1 7 55 2539 AND
2 1 2370 2374 2540 XOR
2 1 2375 2540 2541 AND
2 1 2374 2541 2542 XOR
2 1 2539 2542 2543 XOR
2 1 2538 2543 2544 XOR
2 1 8 54 2545 AND
2 1 2376 2380 2546 XOR
2 1 2381 2546 2547 AND
2 1 2380 2547 2548 XOR
2 1 2545 2548 2549 XOR
2 1 2544 2549 2550 XOR
2 1 9 53 2551 AND
2 1 2382 2386 2552 XOR
2 1 2387 2552 2553 AND
2 1 2386 2553 2554 XOR
2 1 2551 2554 2555 XOR
2 1 2550 2555 2556 XOR
2 1 10 52 2557 AND
2 1 2388 2392 2558 XOR
2 1 2393 2558 2559 AND
2 1 2392 2559 2560 XOR
2 1 2557 2560 2561 XOR
2 1 2556 2561 2562 XOR
2 1 11 51 2563 AND
2 1 2394 2398 2564 XOR
2 1 2399 2564 2565 AND
2 1 2398 2565 2566 XOR
2 1 2563 2566 2567 XOR
2 1 2562 2567 2568 XOR
2 1 12 50 2569 AND
2 1 2400 2404 2570 XOR
2 1 2405 2570 2571 AND
2 1 2404 2571 2572 XOR
2 1 2569 2572 2573 XOR
2 1 2568 2573 2574 XOR
2 1 13 49 2575 AND
2 1 2406 2410 2576 XOR
2 1 2411 2576 2577 AND
2 1 2410 2577 2578 XOR
2 1 2575 2578 2579 XOR
2 1 2574 2579 2580 XOR
2 1 14 48 2581 AND
2 1 2412 2416 2582 XOR
2 1 2417 2582 2583 AND
2 1 2416 2583 2584 XOR
2 1 2581 2584 2585 XOR
2 1 2580 2585 2586 XOR
2 1 15 47 2587 AND
2 1 2418 2422 2588 XOR
2 1 2423 2588 2589 AND
2 1 2422 2589 2590 XOR
2 1 2587 2590 2591 XOR
2 1 2586 2591 2592 XOR
2 1 16 46 2593 AND
2 1 2424 2428 2594 XOR
2 1 2429 2594 2595 AND
2 1 2428 2595 2596 XOR
2 1 2593 2596 2597 XOR
2 1 2592 2597 2598 XOR
2 1 17 45 2599 AND
2 1 2430 2434 2600 XOR
2 1 2435 2600 2601 AND
2 1 2434 2601 2602 XOR
2 1 2599 2602 2603 XOR
2 1 2598 2603 2604 XOR
2 1 18 44 2605 AND
2 1 2436 2440 2606 XOR
2 1 2441 2606 2607 AND
2 1 2440 2607 2608 XOR
2 1 2605 2608 2609 XOR
2 1 2604 2609 2610 XOR
2 1 19 43 2611 AND
2 1 2442 2446 2612 XOR
2 1 2447 2612 2613 AND
2 1 2446 2613 2614 XOR
2 1 2611 2614 2615 XOR
2 1 2610 2615 2616 XOR
2 1 20 42 2617 AND
2 1 2448 2452 2618 XOR
2 1 2453 2618 2619 AND
2 1 2452 2619 2620 XOR
2 1 2617 2620 2621 XOR
2 1 2616 2621 2622 XOR
2 1 21 41 2623 AND
2 1 2454 2458 2624 XOR
2 1 2459 2624 2625 AND
2 1 2458 2625 2626 XOR
2 1 2623 2626 2627 XOR
2 1 2622 2627 2628 XOR
2 1 22 40 2629 AND
2 1 2460 2464 2630 XOR
2 1 2465 2630 2631 AND
2 1 2464 2631 2632 XOR
2 1 2629 2632 2633 XOR
2 1 2628 2633 2634 XOR
2 1 23 39 2635 AND
2 1 2466 2470 2636 XOR
2 1 2471 2636 2637 AND
2 1 2470 2637 2638 XOR
2 1 2635 2638 2639 XOR
2 1 2634 2639 2640 XOR
2 1 24 38 2641 AND
2 1 2472 2476 2642 XOR
2 1 2477 2642 2643 AND
2 1 2476 2643 2644 XOR
2 1 2641 2644 2645 XOR
2 1 2640 2645 2646 XOR
2 1 25 37 2647 AND
2 1 2478 2482 2648 XOR
2 1 2483 2648 2649 AND
2 1 2482 2649 2650 XOR
2 1 2647 2650 2651 XOR
2 1 2646 2651 2652 XOR
2 1 26 36 2653 AND
2 1 2484 2488 2654 XOR
2 1 2489 2654 2655 AND
2 1 2488 2655 2656 XOR
2 1 2653 2656 2657 XOR
2 1 2652 2657 2658 XOR
2 1 27 35 2659 AND
2 1 2490 2494 2660 XOR
2 1 2495 2660 2661 AND
2 1 2494 2661 2662 XOR
2 1 2659 2662 2663 XOR
2 1 2658 2663 2664 XOR
2 1 28 34 2665 AND
2 1 2496 2498 2666 XOR
2 1 2499 2666 2667 AND
2 1 2498 2667 2668 XOR
2 1 2665 2668 2669 XOR
2 1 2664 2669 2670 XOR
2 1 29 33 2671 AND
2 1 2500 2501 2672 AND
2 1 2671 2672 2673 XOR
2 1 2670 2673 2674 XOR
2 1 30 32 2675 AND
2 1 2674 2675 2886 XOR
2 1 0 63 2676 AND
2 1 1 62 2677 AND
2 1 2502 2506 2678 XOR
2 1 2507 2678 2679 AND
2 1 2506 2679 2680 XOR
2 1 2677 2680 2681 XOR
2 1 2676 2681 2682 XOR
2 1 2 61 2683 AND
2 1 2508 2512 2684 XOR
2 1 2513 2684 2685 AND
2 1 2512 2685 2686 XOR
2 1 2683 2686 2687 XOR
2 1 2682 2687 2688 XOR
2 1 3 60 2689 AND
2 1 2514 2518 2690 XOR
2 1 2519 2690 2691 AND
2 1 2518 2691 2692 XOR
2 1 2689 2692 2693 XOR
2 1 2688 2693 2694 XOR
2 1 4 59 2695 AND
2 1 2520 2524 2696 XOR
2 1 2525 2696 2697 AND
2 1 2524 2697 2698 XOR
2 1 2695 2698 2699 XOR
2 1 2694 2699 2700 XOR
2 1 5 58 2701 AND
2 1 2526 2530 2702 XOR
2 1 2531 2702 2703 AND
2 1 2530 2703 2704 XOR
2 1 2701 2704 2705 XOR
2 1 2700 2705 2706 XOR
2 1 6 57 2707 AND
2 1 2532 2536 2708 XOR
2 1 2537 2708 2709 AND
2 1 2536 2709 2710 XOR
2 1 2707 2710 2711 XOR
2 1 2706 2711 2712 XOR
2 1 7 56 2713 AND
2 1 2538 2542 2714 XOR
2 1 2543 2714 2715 AND
2 1 2542 2715 2716 XOR
2 1 2713 2716 2717 XOR
2 1 2712 2717 2718 XOR
2 1 8 55 2719 AND
2 1 2544 2548 2720 XOR
2 1 2549 2720 2721 AND
2 1 2548 2721 2722 XOR
2 1 2719 2722 2723 XOR
2 1 2718 2723 2724 XOR
2 1 9 54 2725 AND
2 1 2550 2554 2726 XOR
2 1 2555 2726 2727 AND
2 1 2554 2727 2728 XOR
2 1 2725 2728 2729 XOR
2 1 2724 2729 2730 XOR
2 1 10 53 2731 AND
2 1 2556 2560 2732 XOR
2 1 2561 2732 2733 AND
2 1 2560 2733 2734 XOR
2 1 2731 2734 2735 XOR
2 1 2730 2735 2736 XOR
2 1 11 52 2737 AND
2 1 2562 2566 2738 XOR
2 1 2567 2738 2739 AND
2 1 2566 2739 2740 XOR
2 1 2737 2740 2741 XOR
2 1 2736 2741 2742 XOR
2 1 12 51 2743 AND
2 1 2568 2572 2744 XOR
2 1 2573 2744 2745 AND
2 1 2572 2745 2746 XOR
2 1 2743 2746 2747 XOR
2 1 2742 2747 2748 XOR
2 1 13 50 2749 AND
2 1 2574 2578 2750 XOR
2 1 2579 2750 2751 AND
2 1 2578 2751 2752 XOR
2 1 2749 2752 2753 XOR
2 1 2748 2753 2754 XOR
2 1 14 49 2755 AND
2 1 2580 2584 2756 XOR
2 1 2585 2756 2757 AND
2 1 2584 2757 2758 XOR
2 1 2755 2758 2759 XOR
2 1 2754 2759 2760 XOR
2 1 15 48 2761 AND
2 1 2586 2590 2762 XOR
2 1 2591 2762 2763 AND
2 1 2590 2763 2764 XOR
2 1 2761 2764 2765 XOR
2 1 2760 2765 2766 XOR
2 1 16 47 2767 AND
2 1 2592 2596 2768 XOR
2 1 2597 2768 2769 AND
2 1 2596 2769 2770 XOR
2 1 2767 2770 2771 XOR
2 1 2766 2771 2772 XOR
2 1 17 46 2773 AND
2 1 2598 2602 2774 XOR
2 1 2603 2774 2775 AND
2 1 2602 2775 2776 XOR
2 1 2773 2776 2777 XOR
2 1 2772 2777 2778 XOR
2 1 18 45 2779 AND
2 1 2604 2608 2780 XOR
2 1 2609 2780 2781 AND
2 1 2608 2781 2782 XOR
2 1 2779 2782 2783 XOR
2 1 2778 2783 2784 XOR
2 1 19 44 2785 AND
2 1 2610 2614 2786 XOR
2 1 2615 2786 2787 AND
2 1 2614 2787 2788 XOR
2 1 2785 2788 2789 XOR
2 1 2784 2789 2790 XOR
2 1 20 43 2791 AND
2 1 2616 2620 2792 XOR
2 1 2621 2792 2793 AND
2 1 2620 2793 2794 XOR
2 1 2791 2794 2795 XOR
2 1 2790 2795 2796 XOR
2 1 21 42 2797 AND
2 1 2622 2626 2798 XOR
2 1 2627 2798 2799 AND
2 1 2626 2799 2800 XOR
2 1 2797 2800 2801 XOR
2 1 2796 2801 2802 XOR
2 1 22 41 2803 AND
2 1 2628 2632 2804 XOR
2 1 2633 2804 2805 AND
2 1 2632 2805 2806 XOR
2 1 2803 2806 2807 XOR
2 1 2802 2807 2808 XOR
2 1 23 40 2809 AND
2 1 2634 2638 2810 XOR
2 1 2639 2810 2811 AND
2 1 2638 2811 2812 XOR
2 1 2809 2812 2813 XOR
2 1 2808 2813 2814 XOR
2 1 24 39 2815 AND
2 1 2640 2644 2816 XOR
2 1 2645 2816 2817 AND
2 1 2644 2817 2818 XOR
2 1 2815 2818 2819 XOR
2 1 2814 2819 2820 XOR
2 1 25 38 2821 AND
2 1 2646 2650 2822 XOR
2 1 2651 2822 2823 AND
2 1 2650 2823 2824 XOR
2 1 2821 2824 2825 XOR
2 1 2820 2825 2826 XOR
2 1 26 37 2827 AND
2 1 2652 2656 2828 XOR
2 1 2657 2828 2829 AND
2 1 2656 2829 2830 XOR
2 1 2827 2830 2831 XOR
2 1 2826 2831 2832 XOR
2 1 27 36 2833 AND
2 1 2658 2662 2834 XOR
2 1 2663 2834 2835 AND
2 1 2662 2835 2836 XOR
2 1 2833 2836 2837 XOR
2 1 2832 2837 2838 XOR
2 1 28 35 2839 AND
2 1 2664 2668 2840 XOR
2 1 2669 2840 2841 AND
2 1 2668 2841 2842 XOR
2 1 2839 2842 2843 XOR
2 1 2838 2843 2844 XOR
2 1 29 34 2845 AND
2 1 2670 2672 2846 XOR
2 1 2673 2846 2847 AND
2 1 2672 2847 2848 XOR
2 1 2845 2848 2849 XOR
2 1 2844 2849 2850 XOR
2 1 30 33 2851 AND
2 1 2674 2675 2852 AND
2 1 2851 2852 2853 XOR
2 1 2850 2853 2854 XOR
2 1 31 32 2855 AND
2 1 2854 2855 2887 XOR
