136 152
8 8 8

2 1 0 8 144 AND
2 1 0 9 16 AND
2 1 1 8 17 AND
2 1 16 17 145 XOR
2 1 0 10 18 AND
2 1 1 9 19 AND
2 1 16 17 20 AND
2 1 19 20 21 XOR
2 1 18 21 22 XOR
2 1 2 8 23 AND
2 1 22 23 146 XOR
2 1 0 11 24 AND
2 1 1 10 25 AND
2 1 18 20 26 XOR
2 1 21 26 27 AND
2 1 20 27 28 XOR
2 1 25 28 29 XOR
2 1 24 29 30 XOR
2 1 2 9 31 AND
2 1 22 23 32 AND
2 1 31 32 33 XOR
2 1 30 33 34 XOR
2 1 3 8 35 AND
2 1 34 35 147 XOR
2 1 0 12 36 AND
2 1 1 11 37 AND
2 1 24 28 38 XOR
2 1 29 38 39 AND
2 1 28 39 40 XOR
2 1 37 40 41 XOR
2 1 36 41 42 XOR
2 1 2 10 43 AND
2 1 30 32 44 XOR
2 1 33 44 45 AND
2 1 32 45 46 XOR
2 1 43 46 47 XOR
2 1 42 47 48 XOR
2 1 3 9 49 AND
2 1 34 35 50 AND
2 1 49 50 51 XOR
2 1 48 51 52 XOR
2 1 4 8 53 AND
2 1 52 53 148 XOR
2 1 0 13 54 AND
2 1 1 12 55 AND
2 1 36 40 56 XOR
2 1 41 56 57 AND
2 1 40 57 58 XOR
2 1 55 58 59 XOR
2 1 54 59 60 XOR
2 1 2 11 61 AND
2 1 42 46 62 XOR
2 1 47 62 63 AND
2 1 46 63 64 XOR
2 1 61 64 65 XOR
2 1 60 65 66 XOR
2 1 3 10 67 AND
2 1 48 50 68 XOR
2 1 51 68 69 AND
2 1 50 69 70 XOR
2 1 67 70 71 XOR
2 1 66 71 72 XOR
2 1 4 9 73 AND
2 1 52 53 74 AND
2 1 73 74 75 XOR
2 1 72 75 76 XOR
2 1 5 8 77 AND
2 1 76 77 149 XOR
2 1 0 14 78 AND
2 1 1 13 79 AND
2 1 54 58 80 XOR
2 1 59 80 81 AND
2 1 58 81 82 XOR
2 1 79 82 83 XOR
2 1 78 83 84 XOR
2 1 2 12 85 AND
2 1 60 64 86 XOR
2 1 65 86 87 AND
2 1 64 87 88 XOR
2 1 85 88 89 XOR
2 1 84 89 90 XOR
2 1 3 11 91 AND
2 1 66 70 92 XOR
2 1 71 92 93 AND
2 1 70 93 94 XOR
2 1 91 94 95 XOR
2 1 90 95 96 XOR
2 1 4 10 97 AND
2 1 72 74 98 XOR
2 1 75 98 99 AND
2 1 74 99 100 XOR
2 1 97 100 101 XOR
2 1 96 101 102 XOR
2 1 5 9 103 AND
2 1 76 77 104 AND
2 1 103 104 105 XOR
2 1 102 105 106 XOR
2 1 6 8 107 AND
2 1 106 107 150 XOR
2 1 0 15 108 AND
2 1 1 14 109 AND
2 1 78 82 110 XOR
2 1 83 110 111 AND
2 1 82 111 112 XOR
2 1 109 112 113 XOR
2 1 108 113 114 XOR
2 1 2 13 115 AND
2 1 84 88 116 XOR
2 1 89 116 117 AND
2 1 88 117 118 XOR
2 1 115 118 119 XOR
2 1 114 119 120 XOR
2 1 3 12 121 AND
2 1 90 94 122 XOR
2 1 95 122 123 AND
2 1 94 123 124 XOR
2 1 121 124 125 XOR
2 1 120 125 126 XOR
2 1 4 11 127 AND
2 1 96 100 128 XOR
2 1 101 128 129 AND
2 1 100 129 130 XOR
2 1 127 130 131 XOR
2 1 126 131 132 XOR
2 1 5 10 133 AND
2 1 102 104 134 XOR
2 1 105 134 135 AND
2 1 104 135 136 XOR
2 1 133 136 137 XOR
2 1 132 137 138 XOR
2 1 6 9 139 AND
2 1 106 107 140 AND
2 1 139 140 141 XOR
2 1 138 141 142 XOR
2 1 7 8 143 AND
2 1 142 143 151 XOR
